100
1 41115
1 29486
1 34920
2 293 414
2 461 324
2 115 208
2 545 754
2 183 113
1 48168
1 20652
1 56102
1 48237
2 241 899
2 595 351
1 12394
1 24938
2 133 571
2 625 354
1 58020
2 203 89
1 4624
1 10899
1 43660
2 451 718
2 161 394
1 12716
1 41042
2 80 93
2 589 129
1 63468
2 63 169
2 958 595
1 28807
1 14885
2 435 713
1 10167
2 900 649
2 576 337
2 177 107
1 35676
2 491 704
1 54681
2 77 199
2 38 205
2 161 26
2 74 279
2 385 596
1 17460
1 50328
1 39085
1 23463
2 299 516
1 57650
1 42957
1 50235
1 45527
1 15655
1 12821
2 307 139
2 92 347
1 48090
1 21409
1 16747
1 48267
1 33549
2 71 51
2 329 57
1 21498
1 27138
1 56160
2 193 117
2 555 121
2 612 791
2 154 43
2 249 95
1 5147
1 8805
1 11364
2 535 289
1 35771
1 31763
1 42663
1 53981
1 6941
2 91 230
1 46612
2 515 892
1 43076
2 853 358
2 374 475
1 54029
2 173 95
2 241 828
1 44364
2 222 79
1 43807
1 53544
1 61947
2 485 174
2 620 1057
