30
1
1
2
2 1
3
1 2 3
5
1 2 3 4 5
5
5 2 3 4 1
80
96 -99 -97 -97 94 -97 -95 -89 -85 94 -79 94 -77 94 92 -71 -67 -61 86 84 -61 -57 -53 -43 -41 82 -33 -25 -17 -9 -5 -1 80 78 72 1 13 72 72 19 64 27 29 62 38 38 36 37 47 67 69 69 75 79 24 18 97 16 14 0 -8 -12 -14 -28 -32 -38 -44 -46 -52 -56 -60 -68 -68 -70 -72 -74 -76 -76 -80 -92
80
-95 94 -89 86 86 82 78 -83 -73 -73 72 -71 -51 -47 -43 -41 72 -31 68 64 -27 -21 58 -21 -19 56 -13 44 38 -11 -9 -3 28 28 7 26 9 11 13 15 17 6 2 21 23 27 35 47 53 0 53 55 59 -4 61 63 65 -8 -8 71 -18 -20 75 -24 -40 81 93 99 -42 -54 -58 -58 -60 -72 -76 -76 -76 -78 -96 -96
18
84 -89 -41 76 -39 -23 26 -9 4 -1 2 0 -40 7 47 75 -44 77
4
-2 -6 -92 17
46
-91 -87 94 92 -77 -57 -41 -27 -19 -9 -1 74 17 23 27 37 60 37 59 50 73 77 85 48 89 28 24 18 14 12 12 2 0 0 0 0 -4 -14 -26 -38 -56 -76 -80 -82 -84 -100
68
-95 -93 100 90 -79 -77 -77 -75 88 -65 76 -65 -63 -61 60 54 32 -47 -33 -27 -25 30 -21 20 -17 -13 14 1 3 7 12 7 9 11 11 11 21 0 23 -2 -6 33 33 -12 45 59 73 -30 73 77 83 83 -38 83 95 97 -46 -52 -54 -60 -64 -70 -70 -72 -74 -74 -74 -84
56
-91 94 78 78 -85 76 -83 62 42 -67 -63 -61 -49 -47 34 -45 -37 -33 -9 -3 -1 -1 1 7 13 15 34 34 15 30 15 30 17 28 8 39 47 61 2 69 2 0 0 89 97 99 0 -4 -18 -22 -30 -38 -44 -64 -80 -96
21
98 82 14 0 -87 -53 -47 -12 -37 -35 -12 -40 39 43 89 -54 -72 -76 -82 -82 -94
69
82 76 -99 -97 74 -95 -93 72 -77 -75 -67 -65 -63 66 58 -63 52 -51 -43 46 -31 34 26 -19 -11 -3 10 -3 8 -3 4 0 -1 5 11 11 -8 11 27 35 35 35 41 53 53 55 -12 67 75 -14 95 -14 -26 -34 -50 -52 -52 -52 -52 -56 -56 -60 -70 -72 -82 -84 -92 -92 -96
23
76 -95 56 -79 -55 -23 42 40 -15 -5 -3 45 57 61 69 99 30 -28 -36 -42 -48 -58 -98
100
-54 60 17 -4 23 -64 -17 9 41 -15 -86 -96 28 -84 -98 87 62 90 39 60 9 -73 69 37 5 -42 65 -26 55 -30 39 98 -99 21 -83 83 5 21 69 57 78 -76 80 37 28 97 12 64 -8 -79 -85 -45 -50 -75 -35 -40 45 -89 45 -82 95 -5 -67 88 -51 -31 43 -59 -91 44 87 57 -63 19 29 49 -69 18 93 74 -42 -71 -53 -63 14 37 45 -78 -66 -16 80 -98 60 62 46 48 54 -26 -12 -34
100
3 -89 61 77 2 17 11 18 53 89 -63 81 -93 -93 -61 -74 -43 -96 -85 -86 -69 14 -1 44 65 92 15 29 -74 -29 55 30 81 -55 63 39 -74 -1 -12 63 -38 -83 43 33 85 -91 61 17 15 -15 57 -15 -32 0 -67 30 -71 -93 -80 -25 73 88 41 -31 61 0 51 34 -65 43 -71 -82 55 -70 -4 70 32 -10 24 24 -38 12 -80 -48 88 70 42 26 6 60 66 40 -18 -52 -50 -76 -90 -12 -56 -58
100
-97 2 57 -1 -94 -32 77 -60 68 47 86 69 81 33 29 17 -89 -83 21 3 49 -83 -57 33 -55 -55 -31 28 -41 -1 51 76 -11 33 100 -99 -33 7 -10 91 -98 -81 -94 -73 26 61 10 72 70 19 16 0 25 0 56 20 51 83 -93 57 67 86 -12 96 64 -90 6 -18 -26 26 -30 -82 22 -88 -90 -14 42 6 50 -96 -6 -52 -68 50 0 -88 98 22 96 88 46 10 26 -100 -92 64 -74 -4 -64 -4
22
-19 -78 2 0 93 85 59 0 -48 -52 30 -89 -89 8 98 5 -89 34 29 -31 83 75
1
-100
31
25 41 67 35 3 -10 53 16 1 -66 -40 68 -15 -16 51 -98 40 -7 -23 25 55 -25 90 -96 -44 46 -76 -60 100 -2 36
56
-26 -40 47 99 49 39 5 54 28 -1 -23 -3 100 -65 93 35 -34 -4 -23 -87 -22 15 26 7 27 24 -41 21 19 2 -13 84 98 96 -100 -62 66 -40 76 84 74 90 60 -30 -90 10 60 96 -40 92 52 -28 36 8 56 62
40
27 25 -89 5 -17 -53 78 3 -8 -51 50 -59 99 49 59 46 -21 34 47 -83 21 -68 -41 -83 -45 -39 -57 0 0 44 24 66 -36 -68 -52 80 46 78 -32 60
36
-40 71 82 -1 79 65 63 83 55 12 -71 32 63 -85 -79 56 53 -82 -50 31 95 72 -17 -69 -43 -52 -22 -83 -20 -96 -70 8 -8 0 32 -98
56
74 25 100 -73 41 -23 57 -11 81 -87 97 -91 -11 -96 -7 58 -67 72 -89 97 -78 66 65 -57 85 95 -100 -25 15 80 77 -46 58 -60 27 85 87 98 2 88 14 100 -42 84 -74 -78 -6 -38 -90 -16 -94 -56 -64 34 46 60
7
59 -5 -31 45 83 -69 44
25
-52 71 -45 -91 -89 55 59 -91 -12 31 -35 25 -55 -95 -77 98 -56 31 72 -14 46 92 -32 -100 -74
26
49 99 39 -33 -2 -23 1 7 93 -70 32 70 26 -67 57 8 -71 -22 57 -44 -54 22 -89 -74 -100 -26
42
-80 36 70 -53 -33 -39 95 -30 -8 92 82 32 1 -3 21 -63 25 -17 -23 7 37 64 -65 -50 21 -6 -34 -74 52 28 -18 82 90 -24 0 -96 -64 40 -92 -60 -22 -70
64
97 63 90 16 -97 86 82 90 -53 -4 -77 35 -44 -63 48 43 -25 -15 -85 63 75 -55 -24 49 -22 -35 11 31 -38 -45 47 -53 91 14 41 97 55 -31 -65 -65 92 -67 -38 85 -17 -87 -79 -19 -7 -34 -29 -38 -38 45 80 -28 26 94 74 -72 12 44 2 12
