100
3
1 3 8 4 6 2 7 9 5
2 7 6 5 1 9 8 4 4
9 5 4 3 8 7 6 2 1
4 6 2 7 9 5 1 3 8
5 1 9 8 4 3 2 7 6
3 8 7 6 2 1 9 5 4
7 9 5 1 3 8 4 6 2
8 4 3 2 7 6 5 1 9
6 2 1 9 5 4 3 8 7
3
1 3 8 4 6 2 7 9 5
2 4 6 5 7 9 8 1 3
9 5 7 3 8 1 6 2 4
4 6 2 7 9 5 1 3 8
5 7 9 8 1 3 2 4 6
3 8 1 6 2 4 9 5 7
7 9 5 1 3 8 4 6 2
8 1 3 2 4 6 5 7 9
6 2 4 9 5 7 3 8 1
3
4 9 5 7 3 8 1 6 2
8 1 3 2 4 6 5 7 9
6 2 7 9 5 1 3 8 4
7 3 8 1 6 2 4 9 5
2 4 6 5 7 9 8 1 3
9 5 1 3 8 4 6 2 7
1 6 2 4 9 5 7 3 8
5 7 9 8 1 3 2 4 6
3 8 4 6 2 7 9 5 1
3
4 9 2 7 3 5 1 6 8
8 1 6 2 4 9 5 7 3
3 5 7 6 8 1 9 2 4
7 3 5 1 6 8 4 9 2
2 4 9 5 7 3 8 1 6
6 8 1 9 2 4 3 5 7
1 6 8 4 9 2 7 3 5
5 7 3 8 1 6 2 4 9
9 2 4 3 5 7 6 8 1
3
4 6 2 7 9 5 1 3 8
8 7 3 2 1 6 5 4 9
9 5 1 3 8 4 6 2 7
7 9 5 1 3 8 4 6 2
2 1 6 5 4 9 8 7 3
3 8 4 6 2 7 9 5 1
1 3 8 4 6 2 7 9 5
5 4 9 8 7 3 2 1 6
6 2 7 9 5 1 3 8 4
3
4 9 5 7 3 8 1 6 2
2 1 3 5 4 6 8 7 9
6 8 7 9 2 1 3 5 4
7 3 8 1 6 2 4 9 5
5 4 6 8 7 9 2 1 3
9 2 1 3 5 4 6 8 7
1 6 2 4 9 5 7 3 8
8 7 9 2 1 3 5 4 6
3 5 4 6 8 7 9 2 1
3
1 6 5 4 9 8 7 3 2
2 7 9 5 1 3 8 4 6
3 8 4 6 2 7 9 5 1
4 9 8 7 3 2 1 6 5
5 1 3 8 4 6 2 7 9
6 2 7 9 5 1 3 8 4
7 3 2 1 6 5 4 9 8
8 4 6 2 7 9 5 1 3
9 5 1 3 8 4 6 2 7
3
339 341 334 333 335 337 336 338 340
340 336 335 334 339 338 337 333 341
338 337 333 341 340 336 335 334 339
333 335 337 336 338 340 339 341 334
334 339 338 337 333 341 340 336 335
341 340 336 335 334 339 338 337 333
336 338 340 339 341 334 333 335 337
337 333 341 340 336 335 334 339 338
335 334 339 338 337 333 341 340 336
3
4 6 2 7 9 5 1 3 8
5 1 9 8 4 3 2 7 6
3 8 7 6 2 1 9 5 4
7 9 5 1 3 8 4 6 2
8 4 3 2 7 6 5 1 9
6 2 1 9 5 4 3 8 7
1 3 8 4 6 2 7 9 5
2 7 6 5 1 9 8 4 3
9 5 4 3 8 7 6 2 1
3
4 3 8 7 6 2 1 9 5
2 7 6 5 1 9 8 4 3
9 5 1 3 8 4 6 2 7
7 6 2 1 9 5 4 3 8
5 1 9 8 4 3 2 7 6
3 8 4 6 2 7 9 5 1
1 9 5 4 3 8 7 6 2
8 4 3 2 7 6 5 1 9
6 2 7 9 5 1 3 8 4
3
1 9 5 4 3 8 7 6 2
2 4 3 5 7 6 8 1 9
6 8 7 9 2 1 3 5 4
4 3 8 7 6 2 1 9 5
5 7 6 8 1 9 2 4 3
9 2 1 3 5 4 6 8 7
7 6 2 1 9 5 4 3 8
8 1 9 2 4 3 5 7 6
3 5 4 6 8 7 9 2 1
3
7 6 8 1 9 2 4 3 5
2 4 9 5 7 3 8 1 6
3 5 1 6 8 4 9 2 7
1 9 2 4 3 5 7 6 8
5 7 3 8 1 6 2 4 9
6 8 4 9 2 7 3 5 1
4 3 5 7 6 8 1 9 2
8 1 6 2 4 9 5 7 3
9 2 7 3 5 1 6 8 4
3
7 9 2 1 3 5 4 6 8
8 1 3 2 4 6 5 7 9
6 5 4 9 8 7 3 2 1
1 3 5 4 6 8 7 9 2
2 4 6 5 7 9 8 1 3
9 8 7 3 2 1 6 5 4
4 6 8 7 9 2 1 3 5
5 7 9 8 1 3 2 4 6
3 2 1 6 5 4 9 8 7
3
1 3 5 4 6 8 7 9 2
8 7 6 2 1 9 5 4 3
9 2 4 3 5 7 6 8 1
4 6 8 7 9 2 1 3 5
2 1 9 5 4 3 8 7 6
3 5 7 6 8 1 9 2 4
7 9 2 1 3 5 4 6 8
5 4 3 8 7 6 2 1 9
6 8 1 9 2 4 3 5 7
3
4 6 5 7 9 8 1 3 2
8 1 9 2 4 3 5 7 6
3 2 7 6 5 1 9 8 4
7 9 8 1 3 2 4 6 5
2 4 3 5 7 6 8 1 9
6 5 1 9 8 4 3 2 7
1 3 2 4 6 5 7 9 8
5 7 6 8 1 9 2 4 3
9 8 4 3 2 7 6 5 1
3
1 3 5 4 6 8 7 9 2
2 4 9 5 7 3 8 1 6
6 8 7 9 2 1 3 5 4
4 6 8 7 9 2 1 3 5
5 7 3 8 1 6 2 4 9
9 2 1 3 5 4 6 8 7
7 9 2 1 3 5 4 6 8
8 1 6 2 4 9 5 7 3
3 5 4 6 8 7 9 2 1
3
4 6 8 7 9 2 1 3 5
2 1 3 5 4 6 8 7 9
9 5 7 3 8 1 6 2 4
7 9 2 1 3 5 4 6 8
5 4 6 8 7 9 2 1 3
3 8 1 6 2 4 9 5 7
1 3 5 4 6 8 7 9 2
8 7 9 2 1 3 5 4 6
6 2 4 9 5 7 3 8 1
3
1 6 5 4 9 8 7 3 2
8 7 9 2 1 3 5 4 6
3 2 4 6 5 7 9 8 1
4 9 8 7 3 2 1 6 5
2 1 3 5 4 6 8 7 9
6 5 7 9 8 1 3 2 4
7 3 2 1 6 5 4 9 8
5 4 6 8 7 9 2 1 3
9 8 1 3 2 4 6 5 7
3
4 3 2 7 6 5 1 9 8
5 1 6 8 4 9 2 7 3
9 8 7 3 2 1 6 5 4
7 6 5 1 9 8 4 3 2
8 4 9 2 7 3 5 1 6
3 2 1 6 5 4 9 8 7
1 9 8 4 3 2 7 6 5
2 7 3 5 1 6 8 4 9
6 5 4 9 8 7 3 2 1
3
1 3 5 4 6 8 7 9 2
8 7 6 2 1 9 5 4 3
9 2 4 3 5 7 6 8 1
4 6 8 7 9 2 1 3 5
2 1 9 5 4 3 8 7 6
3 5 7 6 8 1 9 2 4
7 9 2 1 3 5 4 6 8
6 4 3 8 7 6 2 1 9
6 8 1 9 2 4 3 5 7
3
184 192 185 187 186 188 190 189 191
191 190 189 185 184 192 188 187 186
186 188 187 189 191 190 192 185 184
187 186 188 190 189 191 184 192 185
185 184 192 188 187 186 191 190 189
189 191 190 192 185 184 186 188 187
190 189 191 184 192 185 187 186 188
188 187 186 191 190 189 185 184 192
192 185 184 186 188 187 189 191 190
3
4 3 5 7 6 8 1 9 2
8 1 6 2 4 9 5 7 3
9 2 7 3 5 1 6 8 4
7 6 8 1 9 2 4 3 5
2 4 9 5 7 3 8 1 6
3 5 1 6 8 4 9 2 7
1 9 2 4 3 5 7 6 8
5 7 3 8 1 6 2 4 9
6 8 4 9 2 7 3 5 1
3
4 9 8 7 3 2 1 6 5
2 7 3 5 1 6 8 4 9
6 5 1 9 8 4 3 2 7
7 3 2 1 6 5 4 9 8
5 1 6 8 4 9 2 7 3
9 8 4 3 2 7 6 5 1
1 6 5 4 9 8 7 3 2
8 4 9 2 7 3 5 1 6
3 2 7 6 5 1 9 8 4
3
1 3 8 4 6 2 7 9 5
5 4 9 8 7 3 2 1 6
6 2 7 9 5 1 3 8 4
4 6 2 7 9 5 1 3 8
8 7 3 2 1 6 5 4 9
9 5 1 3 8 4 6 2 7
7 9 5 1 3 8 4 6 2
2 1 6 5 4 9 8 7 3
3 8 4 6 2 7 9 5 1
3
485 481 483 479 484 486 482 487 480
480 482 484 483 485 487 486 479 481
487 486 479 481 480 482 484 483 485
479 484 486 482 487 480 485 481 483
483 485 487 486 479 481 480 482 484
481 480 482 484 483 485 487 486 479
482 487 480 485 481 483 479 484 486
486 479 481 480 482 484 483 485 487
484 483 485 487 486 479 481 480 482
3
4 6 2 7 9 5 1 3 8
8 7 9 2 1 3 5 4 6
3 5 1 6 8 4 9 2 7
7 9 5 1 3 8 4 6 2
2 1 3 5 4 6 8 7 9
6 8 4 9 2 7 3 5 1
2 3 8 4 6 2 7 9 5
5 4 6 8 7 9 2 1 3
9 2 7 3 5 1 6 8 4
3
1 6 2 4 9 5 7 3 8
8 4 3 2 7 6 5 1 9
9 5 7 3 8 1 6 2 4
4 9 5 7 3 8 1 6 2
2 7 6 5 1 9 8 4 3
3 9 1 6 2 4 9 5 7
7 3 8 1 6 2 4 9 5
5 1 9 8 4 3 2 7 6
6 2 4 9 5 7 3 8 1
3
5 5 5 5 5 5 5 5 5
5 5 5 5 5 5 5 5 5
5 5 5 5 5 5 5 5 5
5 5 5 5 5 5 5 5 5
5 5 5 5 5 5 5 5 5
5 5 5 5 5 5 5 5 5
5 5 5 5 5 5 5 5 5
5 5 5 5 5 5 5 5 5
5 5 5 5 5 5 5 5 5
3
485 484 483 479 487 486 482 481 480
480 482 481 483 485 484 486 479 487
487 486 479 481 480 482 484 483 485
479 487 486 482 481 480 485 484 483
483 485 484 486 479 487 480 482 481
481 480 482 484 483 485 487 486 479
482 481 480 485 484 483 479 487 486
486 479 487 480 482 481 483 485 484
484 483 485 487 486 479 481 480 482
3
355 351 353 349 354 356 352 357 350
356 349 354 350 352 357 353 355 351
357 350 352 351 353 355 354 356 349
349 354 356 352 357 350 355 351 353
350 352 357 353 355 351 356 349 354
351 353 355 354 356 349 357 350 352
352 357 350 355 351 353 349 354 356
353 355 351 356 349 354 350 352 357
354 356 349 357 350 352 351 353 355
3
7 6 2 1 9 5 4 3 8
8 1 9 2 4 3 5 7 6
3 6 4 6 8 7 9 2 1
1 9 5 4 3 8 7 6 2
2 4 3 5 7 6 8 1 9
6 8 7 9 2 1 3 5 4
4 3 8 7 6 2 1 9 5
5 7 6 8 1 9 2 4 3
9 2 1 3 5 4 6 8 7
3
7 9 5 1 3 8 4 6 2
2 1 6 5 4 9 8 7 3
3 8 4 6 2 7 9 5 1
1 3 8 4 6 2 7 9 5
5 4 9 8 7 3 2 1 6
6 2 7 9 5 1 3 8 4
4 6 2 7 9 5 1 3 8
8 7 3 2 1 6 5 4 9
9 5 1 3 8 4 6 2 7
3
4 6 5 7 9 8 1 3 2
8 7 3 2 1 6 5 4 9
9 2 1 3 5 4 6 8 7
7 9 8 1 3 2 4 6 5
2 1 6 5 4 9 8 7 3
3 5 4 6 8 7 9 2 1
1 3 2 4 6 5 7 9 8
5 4 9 8 7 3 2 1 6
6 8 7 9 2 1 3 5 4
3
7 9 5 1 3 8 4 6 2
2 4 3 5 7 6 8 1 9
6 8 1 9 2 4 3 5 7
1 3 8 4 6 2 7 9 5
5 7 6 8 1 9 2 4 3
9 2 4 3 5 7 6 8 1
4 6 2 7 9 5 1 3 8
8 1 9 2 4 3 5 7 6
3 5 7 6 8 1 9 2 4
3
7 6 2 1 9 5 4 3 8
8 4 9 2 7 3 5 1 6
3 5 1 6 8 4 9 2 7
1 9 5 4 3 8 7 6 2
2 7 3 5 1 6 8 4 9
6 8 4 9 2 7 3 5 1
4 3 8 7 6 2 1 9 5
5 1 6 8 4 9 2 7 3
9 2 7 3 5 1 6 8 4
3
1 6 2 4 9 5 7 3 8
5 4 3 8 7 6 2 1 9
9 8 7 3 2 1 6 5 4
4 9 5 7 3 8 1 6 2
8 7 6 2 1 9 5 4 3
3 2 1 6 5 4 9 8 7
7 3 8 1 6 2 4 9 5
2 1 9 5 4 3 8 7 6
6 5 4 9 8 7 3 2 1
3
5 5 5 5 5 5 5 5 5
5 5 5 5 5 5 5 5 5
5 5 5 5 5 5 5 5 5
5 5 5 5 5 5 5 5 5
5 5 5 5 5 5 5 5 5
5 5 5 5 5 5 5 5 5
5 5 5 5 5 5 5 5 5
5 5 5 5 5 5 5 5 5
5 5 5 5 5 5 5 5 5
3
4 3 5 7 6 8 1 9 2
2 1 6 5 4 9 8 7 3
9 8 7 3 2 1 6 5 4
7 6 8 1 9 2 4 3 5
5 4 9 8 7 3 2 1 6
3 2 1 6 5 4 9 8 7
1 9 2 4 3 5 7 6 8
8 7 3 2 1 6 5 4 9
6 5 4 9 8 7 3 2 1
3
1 6 5 4 9 8 7 3 2
2 7 9 5 1 3 8 4 6
3 8 4 6 2 7 9 5 1
4 9 8 7 3 2 1 6 5
5 1 3 9 4 6 2 7 9
6 2 7 9 5 1 3 8 4
7 3 2 1 6 5 4 9 8
8 4 6 2 7 9 5 1 3
9 5 1 3 8 4 6 2 7
3
4 9 2 7 3 5 1 6 8
5 1 6 8 4 9 2 7 3
3 8 7 6 2 1 9 5 4
7 3 5 1 6 8 4 9 2
8 4 9 2 7 3 5 1 6
6 2 1 9 5 4 3 8 7
1 6 8 4 9 2 7 3 5
2 7 3 5 1 6 8 4 9
9 5 4 3 8 7 6 2 1
3
4 9 2 7 3 5 1 6 8
8 7 6 2 1 9 5 4 3
3 5 1 6 8 4 9 2 7
7 3 5 1 6 8 4 9 2
2 1 9 5 4 3 8 7 6
6 8 4 9 2 7 3 5 1
1 6 8 4 9 2 7 3 5
5 4 3 8 7 6 2 1 9
9 2 7 3 5 1 6 8 4
3
4 3 2 7 6 5 1 9 8
8 7 9 2 1 3 5 4 6
6 5 1 9 8 4 3 2 7
7 6 5 1 9 8 4 3 2
2 1 3 5 4 6 8 7 9
9 8 4 3 2 7 6 5 1
1 9 8 4 3 2 7 6 5
5 4 6 8 7 9 2 1 3
3 2 7 6 5 1 9 8 4
3
7 9 2 1 3 5 4 6 8
8 4 6 2 7 9 5 1 3
3 5 1 6 8 4 9 2 7
1 3 5 4 6 8 7 9 2
2 7 9 5 1 3 8 4 6
6 8 4 9 2 7 3 5 1
4 6 8 7 9 2 1 3 5
5 1 3 8 4 6 2 7 9
9 2 7 3 5 1 6 8 4
3
4 6 5 7 9 8 1 3 2
8 7 3 2 1 6 5 4 9
9 2 1 3 5 4 6 8 7
7 9 8 1 3 2 4 6 5
2 1 6 5 4 9 8 7 3
3 5 4 6 8 7 9 2 1
1 3 2 4 6 5 7 9 8
5 4 9 8 7 3 2 1 6
6 8 7 9 2 1 3 5 4
3
7 3 2 1 6 5 4 9 8
5 1 6 8 4 9 2 7 3
9 8 4 3 2 7 6 5 1
1 6 5 4 9 8 7 3 2
8 4 9 2 7 3 5 1 6
3 2 7 6 5 1 9 8 4
4 9 8 7 3 2 1 6 5
2 7 3 5 1 6 8 4 9
6 5 1 9 8 4 3 2 7
3
1 3 8 4 6 2 7 9 5
5 7 6 8 1 9 2 4 3
9 2 4 3 5 7 6 8 1
4 6 2 7 9 5 1 3 8
8 1 9 2 4 3 5 7 6
3 5 7 6 8 1 9 2 4
7 9 5 1 3 8 4 6 2
2 4 3 5 7 6 8 1 9
6 8 1 9 2 4 3 5 7
3
7 6 8 1 9 2 4 3 5
5 1 3 8 4 6 2 7 9
9 2 4 3 5 7 6 8 1
1 9 2 4 3 5 7 6 8
8 4 6 2 7 9 5 1 3
3 5 7 6 8 1 9 2 4
4 3 5 7 6 8 1 9 2
2 7 9 5 1 3 8 4 6
6 8 1 9 3 4 3 5 7
3
7 9 8 1 3 2 4 6 5
5 1 3 8 4 6 2 7 9
6 2 4 9 5 7 3 8 1
1 3 2 4 6 5 7 9 8
8 4 6 2 7 9 5 1 3
9 5 7 3 8 1 6 2 4
4 6 5 7 9 8 1 3 2
2 7 9 5 1 3 8 4 6
3 8 1 6 2 4 9 5 7
3
7 3 8 1 6 2 4 9 5
5 4 9 8 7 3 2 1 6
6 2 1 9 5 4 3 8 7
1 6 2 4 9 5 7 3 8
8 7 3 2 1 6 5 4 9
9 5 4 3 8 7 6 2 1
4 9 5 7 3 8 1 6 2
2 1 6 5 4 9 8 7 3
3 8 7 6 2 1 9 5 4
3
1 9 8 4 3 2 7 6 5
2 4 3 5 7 6 8 1 9
6 5 7 9 8 1 3 2 4
4 3 2 7 6 5 1 9 8
5 7 6 8 1 9 2 4 3
9 8 1 3 2 4 6 5 7
7 6 5 1 9 8 4 3 2
8 1 9 2 4 3 5 7 6
3 2 4 6 5 7 9 8 1
3
7 3 8 1 6 2 4 9 5
2 1 6 5 4 9 8 7 3
9 5 4 3 8 7 6 2 1
1 6 2 4 9 5 7 3 8
5 4 9 8 7 3 2 1 6
3 8 7 6 2 1 9 5 4
4 9 5 7 3 8 1 6 2
8 7 3 2 1 6 5 4 9
6 2 1 9 5 4 3 8 7
3
4 6 8 7 9 2 1 3 5
5 7 3 8 1 6 2 4 9
9 2 1 3 5 4 6 8 7
7 9 2 1 3 5 4 6 8
8 1 6 2 4 9 5 7 3
3 5 4 6 8 7 9 2 1
1 3 5 4 6 8 7 9 2
2 4 9 5 7 3 8 1 6
6 8 7 9 2 1 3 5 4
3
7 6 8 1 9 2 4 3 5
2 4 3 5 7 6 8 1 9
9 5 1 3 8 4 6 2 7
1 9 2 4 3 5 7 6 8
5 7 6 8 1 9 2 4 3
3 8 4 6 2 7 9 5 1
4 3 5 7 6 8 1 9 2
8 1 9 2 4 3 5 7 6
6 2 7 9 5 1 3 8 4
3
4 9 2 7 3 5 1 6 8
9 7 6 2 1 9 5 4 3
3 5 1 6 8 4 9 2 7
7 3 5 1 6 8 4 9 2
2 1 9 5 4 3 8 7 6
6 8 4 9 2 7 3 5 1
1 6 8 4 9 2 7 3 5
5 4 3 8 7 6 2 1 9
9 2 7 3 5 1 6 8 4
3
128 127 132 131 130 126 125 133 129
129 131 130 132 125 133 126 128 127
133 126 125 127 129 128 130 132 131
131 130 126 125 133 129 128 127 132
132 125 133 126 128 127 129 131 130
127 129 128 130 132 131 133 126 125
125 133 129 128 127 132 131 130 126
126 128 127 129 131 130 132 125 133
130 132 131 133 126 125 127 129 128
3
7 9 8 1 3 2 4 6 5
5 1 3 8 4 6 2 7 9
6 2 4 9 5 7 3 8 1
1 3 2 4 6 5 7 9 8
8 4 6 2 7 9 5 1 3
9 5 7 3 8 1 6 2 4
4 6 5 7 9 8 1 3 2
2 7 9 5 1 3 8 4 6
3 8 1 6 2 4 9 5 7
3
1 3 5 4 6 8 7 9 2
8 7 9 2 1 3 5 4 6
6 2 4 9 5 7 3 8 1
4 6 8 7 9 2 1 3 5
2 1 3 5 4 6 8 7 9
9 5 7 3 8 1 6 2 4
7 9 2 1 3 5 4 6 8
5 4 6 9 7 9 2 1 3
3 8 1 6 2 4 9 5 7
3
1 3 5 4 6 8 7 9 2
2 7 6 5 1 9 8 4 3
9 8 4 3 2 7 6 5 1
4 6 8 7 9 2 1 3 5
5 1 9 8 4 3 2 7 6
3 2 7 6 5 1 9 8 4
7 9 2 1 3 5 4 6 8
8 4 3 2 7 6 5 1 9
6 5 1 9 8 4 3 2 7
3
7 3 2 1 6 5 4 9 8
8 4 9 2 7 3 5 1 6
6 5 1 9 8 4 3 2 7
1 6 5 4 9 8 7 3 2
2 7 3 5 1 6 8 4 9
9 8 4 3 2 7 6 5 1
4 9 8 7 3 2 1 6 5
5 1 6 8 4 9 2 7 3
3 2 7 6 5 1 9 8 4
3
4 6 8 7 9 2 1 3 5
5 1 9 8 4 3 2 7 6
3 2 7 6 5 1 9 8 4
7 9 2 1 3 5 4 6 8
8 4 3 2 7 6 5 1 9
6 5 1 9 8 4 3 2 7
1 3 5 4 6 8 7 9 2
2 8 6 5 1 9 8 4 3
9 8 4 3 2 7 6 5 1
3
4 6 2 7 9 5 1 3 8
8 1 3 2 4 6 5 7 9
9 5 7 3 8 1 6 2 4
7 9 5 1 3 8 4 6 2
2 4 6 5 7 9 8 1 3
3 8 1 6 2 4 9 6 7
1 3 8 4 6 2 7 9 5
5 7 9 8 1 3 2 4 6
6 2 4 9 5 7 3 8 1
3
4 9 2 7 3 5 1 6 8
5 7 6 8 1 9 2 4 3
3 8 1 6 2 4 9 5 8
7 3 5 1 6 8 4 9 2
8 1 9 2 4 3 5 7 6
6 2 4 9 5 7 3 8 1
1 6 8 4 9 2 7 3 5
2 4 3 5 7 6 8 1 9
9 5 7 3 8 1 6 2 4
3
1 3 2 4 6 5 7 9 8
8 7 6 2 1 9 5 4 3
9 5 4 3 8 7 6 2 1
4 6 5 7 9 8 1 3 2
2 1 9 5 4 3 8 7 6
3 8 7 6 2 1 9 5 4
7 9 8 1 3 2 4 6 5
5 4 3 8 7 6 2 1 9
6 2 1 9 5 4 3 8 7
3
7 6 5 1 9 8 4 3 2
2 4 9 5 7 3 8 1 6
3 8 1 6 2 4 9 5 7
1 9 8 4 3 2 7 6 5
5 7 3 8 1 6 2 4 9
6 2 4 9 5 7 3 8 1
4 3 2 7 6 5 1 9 8
8 1 6 2 4 9 5 7 3
9 5 7 3 8 1 6 2 4
3
7 9 5 1 3 8 4 6 2
2 1 3 5 4 6 8 7 9
6 8 4 9 2 7 3 5 1
1 3 8 4 6 2 7 9 5
5 4 6 8 7 9 2 1 3
9 2 7 3 5 1 6 8 4
4 6 2 7 9 5 1 3 8
8 7 9 2 1 3 5 4 6
3 5 1 6 8 4 9 2 7
3
4 9 5 7 3 8 1 6 2
2 7 6 5 1 9 8 4 3
3 8 1 6 2 4 9 5 7
7 3 8 1 6 2 4 9 5
5 1 9 8 4 3 2 7 6
6 2 4 9 5 7 3 8 1
1 6 2 4 9 5 7 3 8
8 4 3 2 7 6 5 1 9
9 5 7 3 8 1 6 2 5
3
4 3 8 7 6 2 1 9 5
5 1 6 8 4 9 2 7 3
9 2 7 3 5 1 6 8 4
7 6 2 1 9 5 4 3 8
8 4 9 2 7 3 5 1 6
3 5 1 6 8 4 9 2 7
1 9 5 4 3 8 7 6 2
2 7 3 5 1 6 8 4 9
6 8 4 9 2 7 3 5 1
3
7 9 8 1 3 2 4 6 5
5 4 3 8 7 6 2 1 9
6 2 1 9 6 4 3 8 7
1 3 2 4 6 5 7 9 8
8 7 6 2 1 9 5 4 3
9 5 4 3 8 7 6 2 1
4 6 5 7 9 8 1 3 2
2 1 9 5 4 3 8 7 6
3 8 7 6 2 1 9 5 4
3
7 3 2 1 6 5 4 9 8
8 4 9 2 7 3 5 1 7
6 5 1 9 8 4 3 2 7
1 6 5 4 9 8 7 3 2
2 7 3 5 1 6 8 4 9
9 8 4 3 2 7 6 5 1
4 9 8 7 3 2 1 6 5
5 1 6 8 4 9 2 7 3
3 2 7 6 5 1 9 8 4
3
229 231 236 232 234 230 235 237 233
233 235 237 236 229 231 230 232 234
234 230 232 237 233 235 231 236 229
232 234 230 235 237 233 229 231 236
236 229 231 230 232 234 233 235 237
237 233 235 231 236 229 234 230 232
235 237 233 229 231 236 232 234 230
230 232 234 233 235 237 236 229 231
231 236 229 234 230 232 237 233 235
3
340 342 347 343 345 341 346 348 344
341 346 348 344 340 342 347 343 345
345 344 343 348 347 346 342 341 340
343 345 341 346 348 344 340 342 347
344 340 342 347 343 345 341 346 348
348 347 346 342 341 340 345 344 343
346 348 344 340 342 347 343 345 341
347 343 345 341 346 348 344 340 342
342 341 340 345 344 343 348 347 346
3
1 6 5 4 9 8 7 3 2
8 7 3 2 1 6 5 4 9
9 2 4 3 5 7 6 8 1
4 9 8 7 3 2 1 6 5
2 1 6 5 4 9 8 7 3
3 5 7 6 8 1 9 2 4
7 3 2 1 6 5 4 9 8
5 4 9 8 7 3 2 1 6
6 8 1 9 2 4 3 5 7
3
4 6 5 7 9 8 1 3 2
8 7 9 2 1 3 5 4 6
3 2 1 6 5 4 9 8 7
7 9 8 1 3 2 4 6 5
2 1 3 5 4 6 8 7 9
6 5 4 9 8 7 3 2 1
1 3 2 4 6 5 7 9 8
5 4 6 8 7 9 2 1 3
9 8 7 3 2 1 6 5 4
3
7 6 8 1 9 2 4 3 5
2 1 3 5 4 6 8 7 9
9 5 4 3 8 7 6 2 1
2 9 2 4 3 5 7 6 8
5 4 6 8 7 9 2 1 3
3 8 7 6 2 1 9 5 4
4 3 5 7 6 8 1 9 2
8 7 9 2 1 3 5 4 6
6 2 1 9 5 4 3 8 7
3
7 3 8 1 6 2 4 9 5
5 4 9 8 7 3 2 1 6
6 2 1 9 5 4 3 8 7
1 6 2 4 9 5 7 3 8
8 7 3 2 1 6 5 4 9
9 5 4 3 8 7 6 2 1
4 9 5 7 3 8 1 6 2
2 1 6 5 4 9 8 7 3
3 8 7 6 2 1 9 5 4
3
1 6 8 4 9 2 7 3 5
5 4 9 8 7 3 2 1 6
3 2 7 6 5 1 9 8 4
4 9 2 7 3 5 1 6 8
8 7 3 2 1 6 5 4 9
6 5 1 9 8 4 3 2 7
7 3 5 1 6 8 4 9 2
2 1 6 5 4 9 8 7 3
9 8 4 3 2 7 6 5 1
3
1 6 8 4 9 2 7 3 5
2 4 9 5 7 3 8 1 6
3 5 7 6 8 1 9 2 4
4 9 2 7 3 5 1 6 8
5 7 3 8 1 6 2 4 9
6 8 1 9 2 4 3 5 7
7 3 5 1 6 8 4 9 2
8 1 6 2 4 9 5 7 3
9 2 4 3 5 7 6 8 1
3
7 9 2 1 3 5 4 6 8
8 1 3 2 4 6 5 7 9
6 5 4 9 8 7 3 2 1
1 3 5 4 6 8 7 9 2
2 4 6 5 7 9 8 1 3
9 8 7 3 2 1 6 5 4
4 6 8 7 9 2 1 3 5
5 7 9 8 1 3 2 4 6
3 2 1 6 5 4 9 8 7
3
1 3 2 4 6 5 7 9 8
5 4 9 8 7 3 2 1 6
6 8 7 9 2 1 3 5 4
4 6 5 7 9 8 1 3 2
8 7 3 2 1 6 5 4 9
9 2 1 3 5 4 6 8 7
7 9 8 1 3 2 4 6 6
2 1 6 5 4 9 8 7 3
3 5 4 6 8 7 9 2 1
3
7 6 5 1 9 8 4 3 2
8 4 9 2 7 3 5 1 6
3 2 1 6 5 4 9 8 7
1 9 8 4 3 2 7 6 5
2 7 3 5 1 6 8 4 9
6 5 4 9 8 7 3 2 1
4 3 2 7 6 5 1 9 8
5 1 6 8 4 9 2 7 3
9 8 7 3 2 1 6 5 4
3
1 9 5 4 3 8 7 6 2
8 7 3 2 1 6 5 4 9
6 2 4 9 5 7 3 8 1
4 3 8 7 6 2 1 9 5
2 1 6 5 4 9 8 7 3
9 5 7 3 8 1 6 2 4
7 6 2 1 9 5 4 3 8
5 4 9 8 7 3 2 1 6
3 8 1 6 2 4 9 5 7
3
4 3 5 7 6 8 1 9 2
2 1 9 5 4 3 8 7 6
6 8 7 9 2 1 3 5 4
7 6 8 1 9 2 4 3 5
5 4 3 8 7 6 2 1 9
9 2 1 3 5 4 6 8 7
1 9 2 4 3 5 7 6 8
8 7 6 2 1 9 5 4 3
3 5 4 6 8 7 9 2 1
3
4 6 5 7 9 8 1 3 2
2 1 3 5 4 6 8 7 9
9 8 7 3 2 1 6 5 4
7 9 8 1 3 2 4 6 5
5 4 6 8 7 9 2 1 3
3 2 1 6 5 4 9 8 7
1 3 2 4 6 5 7 9 8
8 7 9 2 1 3 5 4 6
6 5 4 9 8 7 3 2 1
3
7 9 2 1 3 5 4 6 8
8 1 3 2 4 6 5 7 9
6 6 4 9 8 7 3 2 1
1 3 5 4 6 8 7 9 2
2 4 6 5 7 9 8 1 3
9 8 7 3 2 1 6 5 4
4 6 8 7 9 2 1 3 5
5 7 9 8 1 3 2 4 6
3 2 1 6 5 4 9 8 7
3
4 9 2 7 3 5 1 6 8
8 7 6 2 1 9 5 4 3
3 5 1 6 8 4 9 2 7
7 3 5 1 6 8 4 9 2
2 1 9 5 4 3 8 7 6
6 8 4 9 2 7 3 5 1
1 6 8 4 9 2 7 3 5
5 4 3 8 7 6 2 1 9
9 2 7 3 5 1 6 8 4
3
1 9 5 4 3 8 7 6 2
8 7 3 2 1 6 5 4 9
6 2 4 9 5 7 3 8 1
4 3 8 7 6 2 1 9 5
2 1 6 5 4 9 8 7 3
9 5 7 3 8 1 6 2 4
7 6 2 1 9 5 4 3 8
5 4 9 8 7 3 2 1 6
3 8 1 6 2 4 9 5 7
3
4 9 2 7 3 5 1 6 8
8 7 6 2 1 9 5 4 3
3 5 1 6 8 4 9 2 7
7 3 5 1 6 8 4 9 2
2 1 9 5 4 3 8 7 6
6 8 4 9 2 7 3 5 1
1 6 8 4 9 2 7 3 5
5 4 3 8 7 6 2 1 9
9 2 7 3 5 1 6 8 4
3
7 6 2 1 9 5 4 3 8
5 1 9 8 4 3 2 7 6
3 8 4 6 2 7 9 5 1
1 9 5 4 3 8 7 6 2
8 4 3 2 7 6 5 1 9
6 2 7 9 5 1 3 8 4
4 3 8 7 6 2 1 9 5
2 7 6 5 1 9 8 4 3
9 5 1 3 8 4 6 2 7
3
4 3 5 7 6 8 1 9 2
2 1 9 5 4 3 8 7 6
6 8 7 9 2 1 3 5 4
7 6 8 1 9 2 4 3 5
5 4 3 8 7 6 2 1 9
9 2 1 3 5 4 6 9 7
1 9 2 4 3 5 7 6 8
8 7 6 2 1 9 5 4 3
3 5 4 6 8 7 9 2 1
3
388 393 389 391 387 392 385 390 386
386 385 390 389 388 393 392 391 387
387 392 391 390 386 385 393 389 388
391 387 392 385 390 386 388 393 389
389 388 393 392 391 387 386 385 390
390 386 385 393 389 388 387 392 391
385 390 386 388 393 389 391 387 392
392 391 387 386 385 390 389 388 393
393 389 388 387 392 391 390 386 385
3
7 3 8 1 6 2 4 9 5
2 4 9 5 7 3 8 1 6
6 5 1 9 8 4 3 2 7
1 6 2 4 9 5 7 3 8
5 7 3 8 1 6 2 4 9
9 8 4 3 2 7 6 5 1
4 9 5 7 3 8 1 6 2
8 1 6 2 4 9 5 7 3
3 2 7 6 5 1 9 8 4
3
4 9 8 7 3 2 1 6 5
2 1 6 5 4 9 8 7 3
3 5 7 6 8 1 9 2 4
7 3 2 1 6 5 4 9 8
5 4 9 8 7 3 2 1 6
6 8 1 9 2 4 3 5 7
1 6 5 4 9 8 7 3 2
8 7 3 2 1 6 5 4 9
9 2 4 3 5 7 6 8 1
3
7 9 5 1 3 8 4 6 2
8 4 3 2 7 6 5 1 9
6 2 1 9 5 4 3 8 7
1 3 8 4 6 2 7 9 5
2 7 6 5 1 9 8 4 3
9 5 4 3 8 7 6 2 1
4 6 2 7 9 5 1 3 8
5 1 9 8 4 3 2 7 6
3 8 7 6 2 1 9 5 4
3
1 9 2 4 3 5 7 6 8
5 4 3 8 7 6 2 1 9
6 8 7 9 2 1 3 5 4
4 3 5 7 6 8 1 9 2
8 7 6 2 1 9 5 4 3
9 2 1 3 5 4 6 8 7
7 6 8 1 9 2 4 3 5
2 1 9 5 4 3 8 7 6
3 5 4 6 8 7 9 2 1
3
7 6 5 1 9 8 4 3 2
2 4 3 5 7 6 8 1 9
9 8 1 3 2 4 6 5 7
1 9 8 4 3 2 7 6 5
5 7 6 8 1 9 2 4 3
3 2 4 6 5 7 9 8 1
4 3 2 7 6 5 1 9 8
8 1 9 2 4 3 5 7 6
6 5 7 9 8 1 3 2 4
3
7 9 8 1 3 3 4 6 5
5 4 3 8 7 6 2 1 9
6 2 1 9 5 4 3 8 7
1 3 2 4 6 5 7 9 8
8 7 6 2 1 9 5 4 3
9 5 4 3 8 7 6 2 1
4 6 5 7 9 8 1 3 2
2 1 9 5 4 3 8 7 6
3 8 7 6 2 1 9 5 4
3
67 66 65 70 69 68 64 72 71
71 70 72 65 64 66 68 67 69
69 68 64 72 71 67 66 65 70
70 69 68 64 72 71 67 66 65
65 64 66 68 67 69 71 70 72
72 71 67 66 65 70 69 68 64
64 72 71 67 66 65 70 69 68
68 67 69 71 70 72 65 64 66
66 65 70 69 68 64 72 71 67
3
7 3 2 1 6 5 4 9 8
5 4 6 8 7 9 2 1 3
9 8 1 3 2 4 6 5 7
1 6 5 4 9 8 7 3 2
8 7 9 2 1 3 5 4 6
3 2 4 6 5 7 9 8 1
4 9 8 7 3 2 1 6 5
2 1 3 5 4 6 8 7 9
6 5 7 9 8 1 3 2 4
3
1 6 2 4 9 5 7 3 8
5 7 9 8 1 3 2 4 6
3 8 4 6 2 7 9 5 1
4 9 5 7 3 8 1 6 2
8 1 3 2 4 6 5 7 9
6 2 7 9 5 1 3 8 4
7 3 8 1 6 2 4 9 5
2 4 6 5 7 9 8 1 3
9 5 1 3 8 4 6 2 7
3
1 9 5 4 3 8 7 6 2
2 7 3 5 1 6 8 4 9
6 8 4 9 2 7 3 5 1
4 3 8 7 6 2 1 9 5
5 1 6 8 4 9 2 7 3
9 2 7 3 5 1 6 8 4
7 6 2 1 9 5 4 3 8
8 4 9 2 7 3 5 1 6
3 5 1 6 8 4 9 2 7
