10
1
0 0 30 30
1
0 0 29 29
4
0 1 0 25
0 -25 0 -1
-25 0 -1 0
1 0 25 0
100
59 0 59 0
-871 477 -871 477
945 393 945 393
433 -342 433 -342
393 -867 393 -867
-518 12 -518 12
332 -331 332 -331
405 -295 405 -295
568 -186 568 -186
834 343 834 343
406 -645 406 -645
914 916 914 916
189 103 189 103
220 958 220 958
-510 -810 -510 -810
-404 977 -404 977
811 -560 811 -560
454 446 454 446
-442 -487 -442 -487
960 -706 960 -706
-304 -150 -304 -150
-384 -236 -384 -236
-808 -591 -808 -591
142 616 142 616
577 837 577 837
-786 -951 -786 -951
951 -935 951 -935
637 826 637 826
416 -709 416 -709
-767 13 -767 13
-210 71 -210 71
-455 487 -455 487
-751 282 -751 282
-94 -724 -94 -724
-516 551 -516 551
-657 -923 -657 -923
598 799 598 799
-963 401 -963 401
-22 101 -22 101
-849 -501 -849 -501
-617 203 -617 203
906 757 906 757
666 -352 666 -352
-22 447 -22 447
-965 -72 -965 -72
-999 -244 -999 -244
929 534 929 534
28 199 28 199
-157 27 -157 27
-661 653 -661 653
139 -559 139 -559
-151 144 -151 144
-789 533 -789 533
28 -578 28 -578
-27 -575 -27 -575
-887 -583 -887 -583
284 945 284 945
-18 16 -18 16
-520 -527 -520 -527
-787 -838 -787 -838
525 22 525 22
-459 835 -459 835
-742 -866 -742 -866
613 481 613 481
382 -761 382 -761
-154 -899 -154 -899
582 -289 582 -289
-582 348 -582 348
-261 -729 -261 -729
-745 408 -745 408
204 -319 204 -319
-353 -537 -353 -537
-83 14 -83 14
-480 -371 -480 -371
-81 -385 -81 -385
-398 -538 -398 -538
-292 -389 -292 -389
-59 961 -59 961
-594 -341 -594 -341
881 641 881 641
612 731 612 731
135 -7 135 -7
445 -1 445 -1
87 -466 87 -466
-795 -875 -795 -875
-293 926 -293 926
-619 472 -619 472
802 76 802 76
-593 -244 -593 -244
-786 -783 -786 -783
143 631 143 631
672 -557 672 -557
164 -294 164 -294
816 506 816 506
-766 395 -766 395
472 506 472 506
502 686 502 686
189 -179 189 -179
-431 -69 -431 -69
661 -334 661 -334
63
-283 -355 -282 -355
-120 -681 -120 -681
279 74 279 75
582 914 582 916
-754 467 -754 468
741 32 741 32
616 -947 617 -947
-885 -592 -884 -590
142 -158 143 -156
402 531 403 531
967 638 969 640
513 152 514 154
-420 -753 -419 -752
-895 -426 -894 -425
-652 722 -650 723
619 -297 619 -295
802 781 803 783
-572 -521 -571 -519
8 -4 10 -2
57 217 59 217
444 -29 445 -29
-253 -787 -253 -785
-50 -575 -49 -575
135 355 137 357
683 583 684 583
-749 -229 -748 -227
660 -719 660 -717
-427 909 -425 910
705 -264 706 -262
397 -623 398 -621
695 -625 695 -625
-909 -781 -907 -781
567 88 568 88
204 49 206 49
954 243 956 243
-814 -594 -813 -593
-561 -644 -559 -642
715 909 715 910
612 -527 615 -527
-226 269 -226 272
759 499 762 499
841 -283 842 -283
437 101 440 103
217 750 219 750
366 -477 368 -477
-392 -547 -389 -547
412 547 412 548
-515 759 -515 761
789 -235 790 -235
-44 560 -43 561
-23 603 -20 603
260 -223 261 -221
-541 -65 -541 -63
-429 807 -429 809
-896 346 -892 351
-404 -608 -403 -607
-958 -882 -958 -881
436 793 439 798
622 -424 622 -418
608 387 615 392
-75 195 -74 197
245 -755 246 -753
821 462 824 462
94
36 185 37 186
26 889 27 889
303 869 303 870
-939 934 -939 935
-284 -642 -284 -642
-931 -244 -930 -244
117 173 118 174
976 -556 977 -555
-739 216 -739 216
683 34 684 34
-71 -202 -70 -202
-488 201 -487 202
124 -133 124 -133
-8 -110 -7 -109
-862 472 -861 472
-369 485 -369 486
153 -851 154 -850
753 880 753 881
-618 -702 -618 -701
764 -744 764 -744
769 -930 770 -930
463 492 464 492
559 -888 559 -888
-828 -392 -828 -392
362 973 363 973
-913 103 -912 103
-370 -744 -369 -743
974 -716 974 -715
971 221 971 221
-336 -529 -335 -529
-925 -163 -924 -163
-233 -987 -233 -986
-895 127 -894 128
-87 492 -87 493
261 -186 262 -185
144 -46 144 -46
-514 -161 -513 -160
915 828 915 828
193 120 193 121
90 -980 90 -979
843 53 844 53
-293 230 -292 230
-653 601 -653 601
896 -577 896 -576
-37 -706 -37 -705
-192 724 -191 725
685 -135 686 -134
-18 949 -17 949
495 -655 495 -655
-902 -989 -901 -989
-461 -740 -461 -739
-151 -457 -151 -457
-672 -338 -672 -337
-792 -976 -791 -975
-518 -349 -517 -349
636 517 637 517
-649 -366 -649 -365
142 657 143 658
-299 695 -298 695
-375 677 -374 677
-676 436 -676 437
-118 644 -118 645
966 55 967 55
-618 162 -618 163
460 -835 460 -835
-708 -783 -707 -783
-430 -562 -430 -561
-826 -851 -826 -850
591 -201 591 -201
373 -434 373 -433
434 201 435 202
680 280 681 280
559 -918 559 -916
687 -892 688 -892
858 302 860 304
186 102 187 104
376 483 378 483
744 974 744 975
222 -152 223 -150
-858 167 -856 168
-227 -446 -227 -445
-370 -676 -370 -675
-547 798 -545 798
85 522 85 524
528 -490 528 -488
561 -508 562 -506
-997 -585 -997 -585
888 893 888 895
-215 -4 -212 -2
-71 -787 -69 -787
225 407 225 409
-310 -207 -305 -206
-703 289 -699 292
786 520 792 521
100
935 -502 937 -500
765 68 767 70
-764 806 -762 808
648 884 650 885
282 846 284 848
393 -1 395 1
-817 -304 -816 -302
733 911 735 912
509 331 510 333
156 -360 158 -358
300 791 301 793
-994 -898 -993 -896
-564 936 -562 938
-452 -842 -450 -840
404 276 405 278
660 132 662 133
-389 -83 -388 -81
68 782 70 784
-115 661 -113 663
879 72 881 74
-932 -731 -930 -730
662 -447 663 -446
-156 290 -155 292
693 96 695 98
-801 -247 -800 -245
498 836 500 838
386 -133 387 -132
918 795 920 796
384 350 385 351
-427 -451 -426 -449
-14 25 -13 27
-609 -834 -608 -832
-905 -19 -904 -18
654 825 655 826
-11 -121 -10 -120
807 -526 808 -524
-453 786 -452 788
-327 406 -326 407
616 70 617 72
636 272 637 274
-36 -292 -34 -291
-746 -257 -745 -255
922 -602 924 -600
334 869 336 871
-162 -365 -160 -363
-406 -964 -404 -962
443 179 445 181
469 198 471 200
523 103 525 105
-139 324 -137 326
-887 936 -885 938
-419 -723 -417 -721
-944 467 -942 469
-870 -442 -868 -440
-556 725 -554 727
196 189 198 191
-285 181 -283 183
-164 362 -162 364
-824 702 -822 704
784 461 786 463
-704 542 -702 544
717 -300 719 -298
538 -709 540 -707
-891 -310 -889 -308
-279 75 -277 77
-49 205 -47 207
569 -151 571 -149
-886 606 -884 608
-312 716 -310 718
794 -635 796 -633
-835 309 -833 311
456 -304 458 -302
-500 168 -498 171
-928 839 -926 842
-96 644 -95 645
649 163 652 166
440 -88 441 -86
-228 -637 -227 -634
608 -764 609 -762
-372 599 -370 601
-385 -297 -382 -294
26 491 29 493
630 31 633 33
846 -869 847 -866
-74 -522 -73 -520
913 68 915 71
-518 779 -515 780
660 -135 663 -134
312 -984 313 -983
751 257 753 258
785 -922 787 -918
794 -782 798 -779
-338 -774 -337 -771
726 -314 728 -310
988 161 989 166
622 -86 623 -81
755 225 757 225
-239 -679 -238 -676
-909 -595 -907 -595
648 309 659 318
100
-790 469 -788 471
471 746 472 748
596 -478 598 -476
834 440 835 441
785 628 786 630
-705 -857 -703 -855
-15 -749 -14 -748
-769 726 -767 728
536 421 537 422
411 -444 412 -442
789 -307 791 -306
-103 601 -101 603
373 -503 375 -502
362 -529 363 -527
-127 -723 -126 -721
-4 -975 -3 -974
485 -859 486 -858
785 906 786 908
-493 552 -492 553
477 -530 479 -529
-947 795 -945 796
-132 532 -131 533
232 128 233 130
765 929 766 930
-947 -486 -945 -484
68 129 69 131
-782 -556 -781 -555
-387 474 -386 476
896 467 898 468
-181 901 -179 902
506 -309 508 -308
143 -198 145 -196
223 727 225 729
-370 -524 -369 -522
-615 -243 -613 -242
296 -607 298 -605
-574 -505 -573 -503
-511 146 -509 148
396 -334 398 -332
-666 -236 -664 -234
-129 -706 -127 -704
299 -59 301 -57
-205 870 -203 872
-950 241 -948 243
963 -417 965 -415
691 478 693 480
-443 -851 -441 -849
-280 7 -278 9
518 573 520 575
-630 435 -628 437
120 -285 122 -283
-380 396 -378 398
484 697 486 699
-142 -733 -140 -731
509 -73 511 -71
99 422 101 424
-934 -748 -932 -746
-274 897 -272 899
-311 900 -309 902
-974 519 -972 521
-921 -271 -919 -269
-174 -909 -172 -907
151 234 153 236
892 255 894 257
-271 820 -269 822
249 -403 251 -401
700 422 702 424
-774 -276 -772 -274
-738 -981 -736 -979
-894 901 -892 903
-579 -734 -577 -732
962 443 964 445
800 164 803 166
-389 611 -388 613
394 -373 396 -371
315 -863 317 -861
-626 441 -624 444
-709 590 -707 593
229 664 230 665
21 267 23 269
-548 730 -546 732
909 255 911 258
147 -814 150 -812
800 -454 802 -453
692 922 694 924
722 358 723 360
-777 527 -775 530
-536 -962 -533 -960
-878 386 -875 389
713 576 714 579
283 -182 284 -178
-451 182 -450 186
-585 -801 -581 -797
859 -90 863 -86
-934 -343 -932 -339
-476 -280 -471 -280
-578 -517 -573 -512
994 146 994 152
-322 -537 -320 -536
322 -279 327 -275
100
-223 667 -221 668
939 -916 940 -914
-525 906 -524 908
644 -28 646 -27
593 -405 594 -404
-174 -445 -172 -443
-226 334 -225 336
163 919 164 920
548 657 550 659
939 -212 941 -210
-217 466 -216 467
707 -406 709 -404
-153 -197 -152 -195
-180 -97 -179 -95
568 105 569 107
-261 -529 -259 -528
20 -614 22 -613
-742 452 -741 454
898 -517 899 -515
489 -635 490 -634
908 451 910 452
237 -743 239 -741
46 -747 47 -746
-531 -776 -529 -774
492 901 494 902
959 973 960 974
-113 295 -112 296
542 -895 544 -894
-813 -337 -812 -335
951 -655 953 -653
-660 -568 -659 -567
393 -353 395 -351
-462 167 -461 169
-189 433 -187 434
-731 -57 -729 -55
122 27 123 29
-44 -272 -43 -270
776 511 778 513
531 848 533 850
90 -786 92 -784
-619 713 -617 715
282 -638 284 -636
52 -579 54 -577
-406 452 -404 454
634 378 636 380
532 718 534 720
-53 861 -51 863
-646 934 -644 936
-863 -160 -861 -158
580 -689 582 -687
163 403 165 405
774 -268 776 -266
989 -515 991 -513
42 -929 44 -927
163 -612 165 -610
-146 133 -144 135
-123 -497 -121 -495
-569 -780 -567 -778
644 -895 646 -893
373 660 375 662
-11 845 -9 847
-737 741 -735 743
-946 904 -944 906
896 -90 898 -88
311 212 313 214
-817 917 -815 919
972 -549 974 -547
130 -90 132 -88
-143 476 -141 478
579 -724 581 -722
643 -436 645 -434
-940 -352 -938 -350
787 -852 789 -849
618 920 620 921
818 938 820 940
-638 420 -635 422
787 194 790 195
648 -119 650 -117
634 550 637 553
14 -425 16 -424
-956 -680 -953 -677
581 -167 583 -164
997 113 999 116
699 -599 701 -597
583 926 586 929
-949 -62 -947 -61
-501 -651 -499 -649
-722 844 -721 845
-787 397 -786 399
-273 -277 -270 -274
-247 784 -246 785
380 179 383 183
192 787 193 790
891 -531 892 -529
-677 -516 -674 -511
-348 -137 -343 -132
339 137 340 141
-829 -929 -827 -923
630 236 635 241
-848 130 -847 134
100
-261 -442 -260 -441
-286 -111 -284 -109
-124 808 -123 809
199 -965 200 -963
-974 37 -972 38
-636 -189 -634 -187
85 -401 87 -400
-539 867 -538 868
-700 538 -698 539
-64 701 -62 702
312 895 314 896
-143 457 -142 458
-982 596 -981 597
-921 -972 -920 -970
813 379 814 380
-636 -236 -635 -234
874 457 876 458
314 -321 315 -320
-710 19 -709 20
951 -873 953 -872
488 -802 490 -801
901 -539 903 -537
818 -236 819 -235
570 806 572 807
681 162 682 163
548 -283 550 -281
901 -449 903 -448
889 -798 890 -796
-640 172 -638 173
569 -806 570 -805
861 546 863 548
633 -458 635 -456
-480 -824 -478 -822
25 -165 27 -163
-980 303 -978 305
-304 -380 -302 -378
201 -289 203 -287
541 927 543 929
667 744 669 746
975 -405 977 -403
861 641 863 643
26 -397 28 -395
304 695 306 697
-798 -240 -796 -238
-840 -426 -838 -424
596 667 598 669
644 -1 646 1
759 -384 761 -382
453 -534 455 -532
-987 37 -985 39
-647 -293 -645 -291
795 369 797 371
-417 337 -415 339
-915 -465 -913 -463
-892 -264 -890 -262
491 -653 493 -651
41 -589 43 -587
-597 -91 -595 -89
-818 925 -816 927
-696 569 -694 571
786 -223 788 -221
-854 84 -852 86
-296 417 -294 419
-563 114 -561 116
-392 783 -390 785
-629 740 -627 742
-556 -602 -554 -600
-397 -26 -395 -24
330 -281 332 -279
-616 894 -614 896
-290 507 -288 509
270 -866 272 -864
482 -242 485 -239
-878 -600 -875 -597
-935 228 -932 231
685 -447 688 -445
-531 -864 -528 -863
268 565 270 567
52 981 54 983
339 -399 342 -397
836 38 837 40
-883 771 -880 774
-441 406 -438 409
-240 385 -239 388
-278 -288 -277 -287
-236 -183 -233 -182
-865 708 -863 709
984 455 986 458
-670 -601 -667 -599
-370 852 -369 855
-149 -245 -147 -243
-515 7 -512 8
-641 429 -639 430
-370 -902 -366 -898
-9 -961 -9 -961
-73 794 -71 799
-830 -472 -828 -469
168 654 170 657
129 -837 133 -832
967 -904 977 -896
