10
1
0 0 30 30
1
0 0 29 29
4
0 1 0 82
0 -82 0 -1
-82 0 -1 0
1 0 82 0
100
879 -680 879 -680
696 -121 696 -121
682 559 682 559
951 190 951 190
418 392 418 392
859 775 859 775
460 725 460 725
846 -98 846 -98
-560 -221 -560 -221
431 -735 431 -735
-888 713 -888 713
-122 472 -122 472
-360 -42 -360 -42
896 -829 896 -829
77 -992 77 -992
-941 408 -941 408
974 471 974 471
286 -55 286 -55
-553 253 -553 253
-914 198 -914 198
-472 73 -472 73
658 691 658 691
-288 -886 -288 -886
41 -506 41 -506
-562 -440 -562 -440
-517 -331 -517 -331
-128 -935 -128 -935
-554 302 -554 302
377 827 377 827
-98 -816 -98 -816
359 -374 359 -374
340 164 340 164
-59 -50 -59 -50
-230 693 -230 693
49 -471 49 -471
-153 166 -153 166
856 -529 856 -529
372 -555 372 -555
-505 -171 -505 -171
638 -448 638 -448
641 -155 641 -155
707 -111 707 -111
569 969 569 969
107 -956 107 -956
737 741 737 741
814 -537 814 -537
513 321 513 321
800 742 800 742
-74 793 -74 793
-292 -700 -292 -700
529 -474 529 -474
-667 -789 -667 -789
993 91 993 91
-886 595 -886 595
298 741 298 741
526 799 526 799
836 -45 836 -45
152 444 152 444
833 228 833 228
952 900 952 900
807 -525 807 -525
-166 -687 -166 -687
24 -767 24 -767
12 -107 12 -107
-750 920 -750 920
-423 -276 -423 -276
851 -680 851 -680
-157 -976 -157 -976
-631 144 -631 144
-789 -620 -789 -620
-4 -384 -4 -384
831 -578 831 -578
889 726 889 726
-395 361 -395 361
-405 694 -405 694
163 -683 163 -683
897 402 897 402
-313 -577 -313 -577
-804 -115 -804 -115
987 279 987 279
-774 833 -774 833
970 874 970 874
-984 -855 -984 -855
103 -996 103 -996
-785 -259 -785 -259
-605 -845 -605 -845
517 182 517 182
172 937 172 937
-355 -909 -355 -909
143 585 143 585
480 -248 480 -248
912 -819 912 -819
-696 141 -696 141
-160 922 -160 922
871 -276 871 -276
-149 696 -149 696
-455 936 -455 936
813 -947 813 -947
-942 -763 -942 -763
-72 -201 -72 -201
36
-810 -60 -807 -59
-334 883 -334 884
-10 -462 -7 -460
-808 312 -806 313
-588 -631 -585 -631
33 216 33 216
232 731 235 732
-709 -454 -708 -454
700 36 702 36
-785 162 -785 163
-67 487 -66 487
-826 937 -824 940
486 -613 488 -610
156 -488 158 -487
-760 201 -760 203
-339 -249 -336 -246
748 -866 751 -862
125 -490 129 -487
892 875 896 876
-241 -54 -239 -54
719 -779 723 -778
-229 607 -226 609
303 -687 306 -683
-340 857 -336 857
-794 -779 -790 -775
50 753 51 755
-714 -277 -712 -274
-392 521 -391 521
-725 -719 -720 -714
821 183 823 185
-394 589 -394 594
596 -176 601 -172
-163 -422 -162 -416
-829 -327 -823 -322
-251 288 -250 296
959 592 969 596
96
651 329 651 330
19 -822 20 -822
97 -316 98 -315
-633 -111 -632 -111
-918 -819 -918 -818
-310 301 -310 301
-856 782 -856 782
298 206 298 206
243 -776 243 -775
-267 493 -267 493
684 -54 684 -53
428 300 428 300
-148 155 -147 156
-481 978 -481 978
-152 537 -152 537
496 -814 497 -814
761 416 761 417
167 832 167 833
-497 366 -497 366
908 -536 909 -536
839 -303 840 -303
-816 521 -815 521
629 -376 630 -376
-867 753 -867 753
193 -451 194 -450
986 661 986 661
-111 521 -111 522
-659 -669 -659 -669
-819 194 -818 194
-934 -907 -933 -906
-34 -827 -33 -827
-35 -468 -35 -467
168 -122 169 -121
237 341 238 342
-121 -723 -121 -722
-918 254 -918 254
-278 -822 -277 -822
384 -577 385 -577
932 800 932 800
61 -96 61 -96
-713 454 -712 455
609 982 610 982
-41 362 -41 363
510 828 510 829
-456 158 -455 158
937 274 937 275
534 864 534 865
-644 -717 -643 -717
94 -198 95 -197
608 607 608 608
359 666 360 666
-595 372 -594 372
747 379 748 380
611 161 612 161
-745 146 -745 147
-962 -110 -961 -110
-530 523 -530 523
-162 972 -161 972
-447 675 -447 675
-528 -634 -527 -634
-489 406 -488 406
103 -79 104 -79
-1000 139 -1000 140
223 -436 223 -435
700 51 701 51
283 108 285 110
-233 944 -231 946
681 -947 682 -947
232 193 232 194
-275 262 -275 264
-887 638 -887 640
-405 960 -405 961
-801 -410 -801 -408
-696 754 -695 754
-760 49 -759 50
-347 -392 -345 -390
396 -502 396 -501
-185 253 -184 253
912 971 913 971
713 505 714 505
442 -130 443 -130
-836 -208 -836 -208
-280 -914 -278 -912
-441 902 -439 903
323 170 325 171
310 525 313 528
708 864 708 864
946 646 947 648
-847 -345 -845 -344
-641 906 -639 908
-595 833 -593 834
967 -837 971 -836
841 119 844 124
-683 -995 -678 -991
-564 258 -563 261
315 701 318 707
100
458 987 460 988
-666 822 -665 823
943 861 944 863
-218 280 -216 282
-699 195 -698 197
-242 312 -240 314
745 -14 746 -13
-189 659 -188 660
-137 875 -136 876
550 -532 551 -530
541 882 543 884
308 208 309 209
98 -658 99 -656
-260 -630 -259 -628
769 -146 770 -144
925 -392 926 -390
-287 -429 -285 -428
-991 -74 -990 -72
-150 154 -149 156
159 -888 160 -886
436 705 437 706
742 -934 743 -933
-476 227 -475 229
605 704 607 705
-729 118 -728 120
15 357 16 358
428 410 430 412
-651 -161 -649 -160
-32 -822 -31 -821
244 -50 245 -49
-146 -473 -144 -472
-934 583 -932 585
256 366 258 368
267 465 269 467
-608 954 -606 956
604 546 606 548
-792 -63 -790 -61
235 -864 237 -862
810 892 812 894
462 649 464 651
754 280 756 282
594 -806 596 -804
-430 -580 -428 -578
983 180 985 182
-259 374 -257 376
714 -719 716 -717
-672 143 -670 145
174 -621 176 -619
-699 376 -697 378
88 276 90 278
886 782 888 784
928 -608 930 -606
-928 -694 -926 -692
-32 -803 -30 -801
-363 -544 -361 -542
716 941 718 943
156 23 158 25
-579 -301 -577 -299
-738 359 -736 361
-158 873 -156 875
224 -341 226 -339
540 257 542 259
291 93 293 95
88 17 90 19
641 -735 643 -733
802 -220 804 -218
-777 537 -775 539
-287 -665 -285 -663
-875 660 -873 662
813 -226 815 -224
-746 -314 -744 -312
59 -208 61 -206
-449 903 -447 905
-506 268 -504 271
-760 964 -757 966
934 -247 937 -244
-993 -898 -991 -895
377 -489 379 -487
973 577 976 579
-373 409 -371 410
508 -616 510 -615
465 -109 466 -106
427 320 428 323
685 107 687 109
-933 88 -930 89
-196 -363 -193 -362
-135 -241 -134 -239
-80 415 -78 417
-329 97 -327 98
483 993 487 997
-182 131 -181 135
-883 122 -881 124
-543 833 -539 837
753 -197 755 -195
603 256 606 258
907 -589 912 -585
-249 -991 -249 -990
-367 640 -365 643
-576 958 -576 965
-652 456 -646 465
100
44 -191 45 -190
-532 942 -530 943
272 -183 273 -181
613 -839 614 -837
278 -546 280 -545
195 732 196 734
925 662 926 663
604 171 606 172
43 871 44 873
658 566 659 568
33 -597 35 -596
860 -370 861 -369
194 -302 195 -300
127 -200 128 -198
423 -379 425 -377
409 58 411 60
-434 545 -432 546
-163 269 -161 271
346 -115 348 -114
245 -157 247 -156
970 -415 972 -414
481 -20 482 -19
-180 376 -179 378
-975 -589 -974 -588
-892 187 -890 189
-245 17 -243 19
-889 -567 -887 -565
-917 -148 -916 -146
266 -274 268 -272
478 -969 479 -968
455 -24 456 -23
843 485 845 486
938 -800 939 -798
-247 197 -246 198
451 988 452 989
555 174 557 176
-421 230 -419 232
-900 -454 -898 -452
-805 506 -803 508
970 -282 972 -280
-138 188 -136 190
990 779 992 781
694 791 696 793
963 244 965 246
-122 638 -120 640
-803 -616 -801 -614
-974 -529 -972 -527
-374 68 -372 70
-526 -53 -524 -51
-716 -382 -714 -380
-514 -736 -512 -734
952 -647 954 -645
-190 -565 -188 -563
-367 -399 -365 -397
-728 -491 -726 -489
-945 777 -943 779
431 628 433 630
-982 -333 -980 -331
-962 396 -960 398
38 -885 40 -883
689 -550 691 -548
909 990 911 992
-822 854 -820 856
860 340 862 342
-183 239 -181 241
477 988 479 990
552 -920 554 -918
-919 -260 -917 -258
-639 -40 -637 -38
-371 76 -369 78
-531 -738 -529 -736
158 -958 160 -956
-186 -79 -184 -77
-289 -116 -287 -113
-660 -801 -658 -799
439 -557 441 -556
-251 453 -248 456
-789 830 -788 831
590 555 592 557
-15 -901 -13 -898
312 633 314 635
676 666 677 669
-873 -463 -872 -462
-607 453 -604 456
355 -512 356 -511
-174 -471 -171 -469
297 808 300 811
301 -250 304 -249
449 851 452 855
-987 -135 -985 -131
378 923 379 927
879 112 882 113
-489 39 -487 43
470 -193 473 -192
-102 404 -97 407
551 -813 551 -808
921 950 925 951
767 781 770 783
-402 335 -400 336
-101 721 -95 732
100
-634 958 -632 959
-25 -854 -24 -853
924 -446 926 -444
-707 -529 -706 -527
-731 -722 -730 -721
333 -718 334 -716
363 -659 365 -657
-26 -628 -24 -626
475 -498 476 -496
532 -539 533 -538
-483 963 -482 964
-209 -518 -207 -517
-251 373 -250 374
-421 917 -420 918
-559 -981 -558 -980
-642 25 -641 26
264 518 265 519
-352 571 -351 572
-602 929 -600 930
-193 -443 -192 -442
383 855 384 857
227 -436 228 -435
-370 885 -369 886
-771 -774 -770 -772
92 503 94 505
-186 -591 -185 -590
408 900 409 901
777 875 779 877
560 546 562 548
713 -713 715 -711
864 -937 865 -935
736 150 738 152
712 -349 714 -347
-745 -491 -743 -489
-106 -732 -104 -730
247 19 249 21
-169 -959 -167 -957
-819 -109 -817 -107
680 -923 682 -921
-536 -541 -534 -539
949 269 951 271
872 420 874 422
824 -766 826 -764
229 954 231 956
107 -426 109 -424
650 -796 652 -794
964 -949 966 -947
965 -735 967 -733
-932 680 -930 682
256 -751 258 -749
-132 902 -130 904
809 245 811 247
20 893 22 895
-790 -143 -788 -141
-593 993 -591 995
401 897 403 899
904 -511 906 -509
-610 -418 -608 -416
-80 626 -78 628
-801 429 -799 431
662 779 664 781
-15 -606 -13 -604
254 -527 256 -525
772 -156 774 -154
-879 -279 -877 -277
-158 38 -156 40
467 640 469 642
-224 -956 -222 -954
461 -948 463 -946
167 -472 169 -470
-708 -505 -706 -503
-994 -369 -992 -367
35 -255 38 -252
987 -699 988 -697
-101 -125 -99 -122
987 638 990 641
859 821 861 823
294 391 296 393
-704 -312 -702 -309
437 760 440 763
684 -810 687 -807
696 858 699 861
-648 -311 -647 -308
-231 764 -230 766
-150 -200 -149 -198
-968 236 -966 238
631 266 632 267
559 864 562 867
595 -993 596 -991
-929 579 -927 582
-763 69 -762 71
603 -593 606 -591
-109 340 -105 343
402 -869 403 -869
475 -259 475 -257
87 62 91 67
201 -146 206 -143
812 -995 815 -993
46 20 53 24
499 -650 503 -648
100
-360 260 -359 261
-745 -815 -743 -813
-524 202 -522 203
606 44 607 46
-944 -355 -943 -353
336 -74 338 -72
-560 477 -558 479
-569 -355 -567 -353
-954 -938 -953 -936
-397 928 -395 930
550 679 552 680
-424 349 -423 351
-57 -870 -55 -869
-11 -381 -9 -380
89 178 91 180
-952 -311 -951 -309
-390 -153 -388 -152
-741 578 -739 580
-75 -587 -74 -585
-387 -260 -386 -258
968 439 970 441
4 225 6 227
-988 -485 -987 -483
-287 140 -285 141
837 -411 838 -410
23 399 25 401
-281 -379 -280 -378
-544 279 -543 280
-513 -279 -511 -278
-354 139 -353 140
-364 743 -363 745
681 61 682 63
948 -938 950 -937
605 -599 607 -598
-507 297 -505 299
-35 -65 -33 -64
308 -500 310 -499
-433 -878 -432 -876
-479 -891 -478 -889
-357 -275 -356 -273
-381 743 -380 744
-585 -184 -583 -182
-263 38 -261 40
-834 32 -832 34
-915 695 -913 697
-227 -675 -225 -673
20 426 22 428
144 -839 146 -837
142 653 144 655
709 854 711 856
-788 -755 -786 -753
112 942 114 944
-738 -408 -736 -406
359 474 361 476
-227 -56 -225 -54
-598 -317 -596 -315
966 -718 968 -716
689 -55 691 -53
974 -822 976 -820
-954 756 -952 758
133 299 135 301
924 601 926 603
303 21 305 23
529 -207 531 -205
-403 -738 -401 -736
-385 847 -383 849
-190 962 -188 964
-760 801 -758 803
246 -369 248 -367
475 -250 477 -248
967 429 969 431
-523 -4 -521 -2
-5 -318 -3 -315
9 841 11 842
-202 939 -200 941
-406 61 -404 63
899 -947 901 -944
160 -865 163 -864
50 -776 52 -774
799 967 802 969
183 956 186 958
-154 698 -151 699
472 834 474 837
-329 -751 -326 -750
126 84 129 85
233 -130 234 -127
-541 -224 -539 -221
-243 -980 -241 -977
-270 37 -268 40
747 932 750 933
54 -170 58 -168
-156 -777 -153 -773
-702 -645 -698 -643
831 523 831 527
-268 648 -267 649
-39 -407 -35 -406
-548 -649 -547 -644
-818 -336 -811 -332
-812 -293 -810 -291
-700 567 -697 571
