10
1
0 0 30 30
1
0 0 29 29
4
0 1 0 100
0 -100 0 -1
-100 0 -1 0
1 0 100 0
100
617 731 617 731
-636 -401 -636 -401
-922 479 -922 479
491 605 491 605
161 69 161 69
-52 -929 -52 -929
101 570 101 570
-700 671 -700 671
353 -829 353 -829
720 776 720 776
-129 500 -129 500
740 -510 740 -510
-96 -253 -96 -253
-555 -804 -555 -804
839 -76 839 -76
516 -141 516 -141
-681 221 -681 221
532 -767 532 -767
612 333 612 333
-874 457 -874 457
-95 243 -95 243
713 -322 713 -322
-791 870 -791 870
932 -736 932 -736
-74 -297 -74 -297
693 -773 693 -773
-697 845 -697 845
768 -660 768 -660
219 -825 219 -825
82 294 82 294
215 -596 215 -596
-11 615 -11 615
-487 -201 -487 -201
745 291 745 291
-474 318 -474 318
136 19 136 19
-261 -85 -261 -85
-580 -256 -580 -256
327 -900 327 -900
930 80 930 80
-897 29 -897 29
-845 957 -845 957
-559 -437 -559 -437
521 -183 521 -183
923 -979 923 -979
994 377 994 377
322 -113 322 -113
941 727 941 727
-125 -334 -125 -334
667 -216 667 -216
14 -867 14 -867
-29 -495 -29 -495
-764 -408 -764 -408
576 -724 576 -724
39 996 39 996
190 394 190 394
491 -723 491 -723
-969 -744 -969 -744
-618 414 -618 414
-567 -773 -567 -773
-617 497 -617 497
-789 -609 -789 -609
591 -533 591 -533
236 610 236 610
990 277 990 277
79 -135 79 -135
-559 -742 -559 -742
666 -785 666 -785
-620 888 -620 888
53 -170 53 -170
-597 799 -597 799
215 -913 215 -913
629 332 629 332
-442 -550 -442 -550
385 353 385 353
-363 -333 -363 -333
-893 -701 -893 -701
185 735 185 735
873 67 873 67
-361 706 -361 706
522 -682 522 -682
336 -691 336 -691
-19 -995 -19 -995
267 208 267 208
-478 -214 -478 -214
-160 938 -160 938
754 -706 754 -706
-163 549 -163 549
251 791 251 791
257 -661 257 -661
-939 175 -939 175
293 12 293 12
-443 -793 -443 -793
254 -707 254 -707
334 620 334 620
-339 -836 -339 -836
552 609 552 609
-73 -298 -73 -298
-388 -358 -388 -358
-680 -641 -680 -641
78
-318 -821 -317 -820
572 -526 572 -525
-545 997 -545 998
779 -606 779 -606
940 -673 941 -673
-96 -122 -95 -122
735 -568 735 -568
225 370 226 370
243 -377 243 -376
648 362 650 364
-960 -596 -960 -596
587 -926 587 -924
946 -641 948 -639
-671 -573 -669 -573
-603 903 -601 905
580 664 581 666
-703 -13 -701 -13
844 -989 844 -987
569 40 571 42
-518 281 -517 281
323 -411 323 -411
152 640 154 641
-3 -154 -2 -153
215 149 217 149
-64 -217 -62 -216
-915 174 -913 174
-830 511 -830 513
793 559 795 559
-711 -747 -709 -745
482 760 482 761
-909 292 -907 293
467 45 468 45
-989 -983 -988 -981
-859 -575 -858 -575
-20 589 -20 591
-419 -97 -417 -95
275 -311 275 -311
526 -975 527 -973
223 -941 225 -939
723 -600 725 -599
661 -172 661 -171
-826 -366 -826 -366
91 147 91 147
-483 430 -483 431
-982 -633 -980 -633
-716 368 -714 369
853 -499 854 -498
-88 727 -86 729
-682 750 -680 752
-555 945 -553 947
-169 228 -169 228
-751 480 -749 481
346 -383 346 -380
-387 508 -385 508
674 -306 675 -303
-546 161 -546 164
-486 -293 -485 -293
-288 624 -287 625
-174 -526 -172 -525
-645 374 -644 375
-617 -955 -617 -954
420 314 422 316
-125 -211 -122 -208
670 -82 671 -80
165 635 168 638
467 106 468 108
-913 764 -909 767
335 934 336 935
172 -3 172 -3
440 142 441 143
-759 -677 -755 -676
-736 142 -735 142
-925 -616 -924 -613
-451 315 -446 319
-969 -496 -968 -490
-283 584 -276 589
-666 -441 -658 -433
43 -431 51 -424
48
-25 403 -24 403
875 -757 878 -754
456 -801 458 -801
-7 53 -5 56
-681 327 -681 328
356 -783 357 -780
282 123 285 125
84 -162 84 -162
575 -416 577 -413
-12 905 -9 908
592 429 593 432
-157 -242 -156 -239
-328 242 -327 242
860 516 861 517
-686 -971 -686 -969
691 -791 693 -791
-217 -742 -213 -740
-403 -700 -403 -699
867 492 869 496
-245 253 -243 255
773 -404 775 -402
-921 -396 -918 -395
941 -848 941 -848
326 437 329 441
782 -858 785 -855
-36 701 -33 703
-148 327 -146 331
344 -466 347 -464
599 793 603 798
818 696 819 699
662 -927 663 -922
33 -762 37 -757
-363 -930 -363 -930
-812 127 -809 128
368 -421 368 -421
-83 123 -81 123
820 -990 822 -984
946 -17 951 -13
-564 341 -559 344
746 808 747 814
-823 -123 -818 -116
569 -768 573 -764
950 459 954 460
650 869 657 876
937 -250 940 -247
-39 -293 -29 -293
-679 -937 -675 -927
-451 -775 -447 -758
100
-974 75 -973 77
-926 686 -925 688
504 -176 505 -174
-671 -564 -670 -563
948 855 949 857
-951 -612 -950 -610
-66 832 -64 834
-670 -195 -668 -193
878 201 880 203
-537 423 -536 424
353 -630 354 -629
-72 364 -70 365
742 560 743 562
104 400 105 402
803 -728 805 -726
-359 -49 -357 -48
580 -777 581 -775
787 -997 789 -995
150 269 152 270
-896 -589 -894 -588
413 228 415 229
365 -932 366 -931
160 -773 161 -772
-988 852 -986 853
544 -824 546 -822
-308 654 -307 655
-105 533 -103 534
686 57 687 59
989 -542 990 -540
46 -159 48 -158
601 764 602 765
614 153 615 154
128 260 130 262
651 117 653 119
-532 390 -530 391
974 833 976 835
949 798 951 800
155 -362 156 -360
733 130 735 132
287 132 289 134
398 620 400 622
-187 -437 -185 -435
14 -394 16 -392
197 -48 199 -46
-545 448 -543 450
-487 -97 -485 -95
778 151 780 153
-162 -18 -160 -16
-115 -674 -113 -672
-196 303 -194 305
333 963 335 965
-501 612 -499 614
-348 244 -346 246
-741 -230 -739 -228
303 -389 305 -387
344 -545 346 -543
849 516 851 518
898 0 900 2
-558 -640 -556 -638
-921 709 -919 711
752 666 754 668
150 -247 152 -245
-381 -165 -379 -163
-427 232 -425 234
668 -892 670 -890
305 788 307 790
880 -397 882 -395
388 -208 390 -206
175 713 177 715
930 -840 932 -838
-716 231 -714 233
-908 -441 -906 -439
-145 34 -143 36
-138 -795 -136 -793
124 -868 126 -865
778 648 781 649
213 -149 216 -147
-497 363 -494 365
900 465 901 468
876 922 879 924
292 -484 293 -482
-157 -225 -154 -224
-698 -65 -697 -63
-224 -456 -222 -454
-175 338 -173 341
-85 457 -83 460
69 596 71 597
323 43 325 46
-5 -295 -4 -293
313 656 315 658
589 -489 593 -488
-698 435 -694 438
-832 -646 -828 -643
-562 436 -559 438
201 -988 203 -984
-125 354 -122 358
-467 -303 -463 -301
281 -477 285 -471
82 299 83 299
275 -763 283 -762
100
740 -961 741 -960
-405 222 -403 224
-769 924 -768 925
575 -669 577 -667
-483 935 -482 936
637 -629 639 -628
256 678 258 679
868 -247 870 -245
932 -221 933 -220
486 -837 487 -835
-43 500 -42 501
-331 492 -329 494
34 -165 36 -163
833 684 834 685
198 462 199 463
932 -916 934 -915
-304 -427 -302 -426
-451 -972 -450 -970
52 648 54 650
550 486 551 487
-948 546 -947 547
796 926 798 927
738 497 739 498
-919 982 -918 983
371 -616 373 -614
-129 713 -128 715
828 299 830 301
-662 -223 -660 -221
-920 -411 -919 -410
-152 663 -151 664
178 513 179 515
274 148 275 149
825 -428 827 -426
-815 -800 -814 -799
604 -177 606 -175
-653 772 -651 774
-140 297 -138 299
975 177 977 179
-426 -727 -424 -725
-299 -432 -297 -430
-276 -60 -274 -58
277 799 279 801
309 -437 311 -435
920 -275 922 -273
-839 -699 -837 -697
-436 882 -434 884
-286 -809 -284 -807
76 58 78 60
-262 523 -260 525
787 -909 789 -907
-207 -828 -205 -826
-154 535 -152 537
-908 -529 -906 -527
-777 -200 -775 -198
-961 -158 -959 -156
-10 759 -8 761
-465 -210 -463 -208
-494 -835 -492 -833
-968 -629 -966 -627
-669 -466 -667 -464
291 -215 293 -213
987 15 989 17
367 14 369 16
-34 -643 -32 -641
163 451 165 453
-408 275 -406 277
-460 592 -458 594
-129 -813 -127 -811
687 211 689 213
248 -239 250 -237
596 857 598 859
52 -262 54 -260
844 309 846 311
909 984 911 986
349 -231 351 -229
718 775 720 777
500 -464 503 -461
-644 -508 -643 -506
212 -264 214 -263
944 967 947 969
-713 979 -711 982
-962 72 -961 75
173 658 176 660
42 275 45 276
384 -598 386 -597
715 339 718 340
506 -171 509 -169
990 -346 992 -343
-436 60 -435 64
-72 217 -68 219
646 -97 648 -93
313 776 317 777
869 -329 871 -328
94 -635 95 -631
658 772 661 776
-266 430 -262 434
-313 577 -312 581
-464 -984 -459 -980
946 -107 953 -100
-560 527 -558 531
100
-392 96 -391 98
-359 397 -358 398
585 -547 587 -545
630 563 632 565
293 389 295 390
584 -572 586 -570
365 -420 367 -419
-830 884 -829 886
652 -437 653 -435
333 111 334 112
-831 861 -829 862
-771 -188 -770 -186
-646 442 -645 443
785 978 787 979
286 -708 288 -706
36 -312 37 -310
887 393 888 395
424 29 426 31
874 -72 876 -70
-699 148 -698 150
-260 -154 -258 -152
-25 664 -24 666
751 -688 753 -687
-148 -685 -146 -684
-642 -5 -641 -4
-997 -912 -995 -910
-630 -629 -628 -627
639 187 640 189
73 -777 74 -776
-943 833 -942 834
562 -432 564 -431
211 -425 213 -424
-797 152 -796 154
17 -931 18 -929
-122 777 -120 779
520 21 522 23
-159 160 -158 161
652 -739 653 -738
328 -307 329 -306
140 -755 142 -753
452 756 454 758
594 737 596 739
-106 7 -104 9
-161 41 -159 43
729 -632 731 -630
-327 -47 -325 -45
-601 789 -599 791
777 -412 779 -410
-207 -566 -205 -564
568 -478 570 -476
358 -494 360 -492
-808 226 -806 228
-665 433 -663 435
-903 -276 -901 -274
354 -963 356 -961
722 -834 724 -832
-149 863 -147 865
971 -230 973 -228
70 46 72 48
685 829 687 831
557 465 559 467
-305 -302 -303 -300
75 365 77 367
-384 -710 -382 -708
286 643 288 645
-221 237 -219 239
138 436 140 438
12 196 14 198
-432 698 -430 700
-412 -277 -410 -275
360 485 362 487
-988 -874 -986 -872
-432 -354 -429 -352
234 -11 237 -8
-468 155 -466 157
-614 935 -611 938
225 266 226 268
-318 -646 -316 -643
870 -558 873 -555
-474 273 -473 275
754 415 757 416
-225 437 -223 440
132 284 133 285
445 -674 448 -672
819 945 822 946
-442 599 -440 600
813 -169 814 -168
338 660 340 662
256 606 257 607
623 617 626 621
-862 -767 -858 -765
87 307 89 308
160 -811 163 -808
-186 915 -185 918
-886 643 -881 645
-108 702 -103 706
-872 -310 -870 -309
858 639 864 644
552 443 558 443
-903 167 -903 169
100
323 1 324 2
243 631 245 633
-122 580 -120 582
908 484 910 485
-32 659 -31 661
-333 -670 -331 -668
-799 273 -797 275
-123 -1 -121 0
-612 -671 -611 -670
-538 980 -536 981
-844 -989 -842 -988
670 -765 672 -764
-989 -395 -988 -394
318 -976 320 -974
248 -896 249 -895
772 763 774 765
41 543 43 545
431 970 432 972
-21 -81 -19 -80
-509 -383 -508 -381
-960 890 -958 891
-409 727 -407 728
-923 320 -922 321
653 -726 655 -724
120 -374 122 -372
-250 -121 -248 -119
387 -170 389 -169
888 -88 889 -87
-843 335 -842 337
415 -226 416 -225
28 31 30 32
3 -146 4 -144
924 -891 925 -890
-275 -839 -274 -838
-532 226 -530 228
-667 -997 -666 -996
919 -780 921 -779
-175 708 -174 710
240 -150 242 -148
176 138 178 140
716 198 718 200
-949 -701 -947 -699
830 413 832 415
940 613 942 615
-832 -378 -830 -376
441 -546 443 -544
-695 593 -693 595
633 641 635 643
145 982 147 984
251 33 253 35
-981 992 -979 994
803 262 805 264
719 108 721 110
-844 481 -842 483
-659 -337 -657 -335
-601 -123 -599 -121
916 758 918 760
196 716 198 718
269 774 271 776
-825 938 -823 940
-571 -614 -569 -612
943 886 945 888
-599 132 -597 134
926 899 928 901
749 -407 751 -405
-743 -544 -741 -542
256 -809 258 -807
598 774 600 776
16 -620 18 -618
-945 502 -943 504
-377 658 -375 660
460 287 462 289
-164 -63 -161 -61
-316 -781 -313 -780
217 22 218 25
-90 -856 -88 -854
-278 775 -276 777
-740 -200 -737 -197
370 -396 373 -394
17 -449 20 -446
794 741 795 742
205 -707 206 -705
960 -36 963 -33
-342 -925 -339 -923
868 -623 869 -621
-764 -364 -761 -362
-492 72 -489 73
458 -452 460 -449
-713 730 -711 733
479 807 483 810
-778 726 -774 727
-700 118 -698 122
-37 -527 -35 -526
-85 -870 -83 -870
249 -316 250 -315
615 507 616 507
-584 -140 -580 -136
-770 667 -765 672
895 777 896 778
-518 -4 -512 -3
