30
1 2
0 0 0 1
75 32
2 1
1 0 0 0
96
84
2 2
0 0 1 1
2 -1
-1 97
10 10
0 0 9 9
6868 1811 9197 5644 288 7088 3754 465 8813 394
8164 9096 3181 4142 7784 4341 7033 7950 5019 596
2571 4177 9700 4127 4776 1226 6359 7972 7309 1312
5768 529 9475 4964 6172 9762 8403 6277 6578 7216
3022 1093 2663 2554 1586 447 6894 4971 8396 8264
5566 7318 2440 1617 1445 3568 2842 7803 1539 6503
9114 3658 7031 4940 4973 9554 4702 9727 5830 7631
6942 5203 8724 5957 7756 309 6403 4649 1631 1150
9264 7197 8467 1704 8813 9911 1623 8007 4065 9513
861 9531 3170 7891 4470 4494 3796 5523 4220 9625
10 10
0 0 9 9
3154 7514 4827 1877 3470 8934 8537 9872 3582 168
1021 2845 3716 5839 900 8880 5750 8874 6886 6166
8386 7746 5696 7907 1988 6518 2400 5783 2040 2972
1759 5193 485 2937 3421 306 1870 8310 177 1803
4829 7549 1000 8544 9739 1899 7423 1840 773 4309
8006 5510 8406 53 3417 6746 6570 5816 2528 8610
8787 639 3802 5623 3575 7223 5928 1797 5532 2456
3599 360 6356 4598 5255 6095 2849 2677 7934 9973
3337 2291 5482 8095 2344 8898 4840 8913 1066 3719
7522 6204 4357 7676 1827 4284 1250 7754 6080 3133
10 10
0 0 9 9
210 -1 9844 2917 628 5098 9011 9828 4126 3297
-1 3815 5587 1633 1909 4282 531 3100 3195 7948
6818 7068 4151 7527 1095 2329 8162 2344 83 4241
5476 6644 270 1671 5912 7249 6768 4923 7076 7246
4571 6875 1060 6509 4860 9320 791 5390 8771 337
9689 5588 7404 191 9466 8499 2520 7627 7194 8954
8219 9022 5597 8489 692 1508 5737 3812 2782 9165
1057 3704 2391 8468 213 7250 7787 1003 8991 6557
1339 8679 8496 5094 8870 4314 9944 1389 1940 7138
6694 6511 6159 8642 4999 3202 149 7087 7013 9283
10 10
0 0 9 9
2603 8069 2986 4994 2888 3198 2243 674 552 1234
3582 1890 9912 2078 6984 5133 2743 6927 2873 4682
416 9566 1192 2926 8207 2542 6128 4708 5981 9492
342 8583 3913 3327 3576 6800 2877 5819 3826 3428
3404 7407 1670 9667 5836 5005 4800 8578 8283 4024
9612 8699 9942 7155 7976 8148 6049 455 9207 2029
9947 9548 6963 3859 9227 539 7010 8455 2709 835
8234 2464 8242 6255 2130 429 1259 3281 9007 9542
7305 8618 4592 3598 2124 2567 8097 8172 3022 -1
200 2968 3203 3515 3178 8781 405 6539 -1 3113
10 10
0 5 1 3
9165 6137 3633 8107 -1 910 -1 2854 -1 -1
5423 -1 -1 3963 -1 5734 2413 3539 1953 -1
3321 2651 -1 -1 -1 7213 -1 -1 -1 2029
-1 5369 9567 9863 1270 6290 9288 2661 7854 6396
7900 5361 -1 8581 -1 8900 -1 8878 -1 7257
8865 -1 5447 1986 4551 -1 -1 -1 3383 3489
9766 -1 6972 -1 3138 9838 -1 -1 -1 2663
-1 -1 -1 4387 5594 -1 -1 -1 -1 989
-1 -1 -1 -1 3477 7100 3625 2017 2265 -1
-1 -1 2261 8607 189 -1 -1 2536 -1 -1
10 10
8 0 9 1
-1 9817 2575 8108 8397 -1 -1 -1 -1 -1
-1 -1 7779 -1 -1 -1 -1 -1 -1 -1
-1 4410 6693 2962 -1 -1 6376 -1 2508 6370
1081 460 -1 -1 4765 8496 3776 -1 5401 -1
-1 6589 6090 -1 7400 -1 -1 4155 5569 2465
5169 5685 -1 9802 3816 4230 -1 2767 -1 5779
4315 -1 -1 5954 -1 -1 2781 8054 1816 -1
2938 5563 6670 5849 3327 1249 46 -1 -1 9662
4328 -1 6759 -1 -1 -1 -1 6767 -1 1035
-1 2865 2383 5909 4019 5848 6787 1910 1681 7039
10 10
8 3 9 7
-1 -1 -1 -1 -1 5295 -1 331 -1 2382
-1 -1 -1 -1 4420 6559 9123 759 247 5418
-1 -1 -1 2615 -1 -1 -1 1823 -1 8356
-1 -1 6830 8070 8155 8365 3149 -1 6205 5918
-1 1573 -1 7703 -1 -1 3702 8595 -1 439
-1 2013 -1 -1 7375 2508 -1 412 6830 9529
7442 6550 7322 8724 -1 4211 4662 3055 -1 3871
4956 -1 7759 -1 9548 -1 8562 -1 272 599
-1 5052 1357 8356 4778 5419 4673 -1 -1 7117
3407 3120 -1 8875 -1 2522 -1 4097 3472 2492
10 10
6 3 9 9
-1 -1 -1 -1 -1 -1 -1 -1 5653 3054
-1 -1 -1 -1 -1 -1 -1 -1 3567 -1
-1 -1 -1 -1 6873 9227 -1 3362 846 9477
-1 -1 8540 5379 2920 -1 9494 8027 -1 -1
-1 -1 6264 -1 8930 7337 -1 6114 3137 4586
-1 8358 -1 9155 -1 6922 -1 -1 6677 -1
4327 6172 6458 2108 3603 1504 678 1505 2740 9093
-1 3367 -1 8225 -1 -1 8308 -1 3673 -1
2266 6727 -1 2564 2768 8739 -1 4829 4288 3631
5375 -1 8807 7684 -1 2250 -1 7217 -1 9356
10 10
0 0 9 9
1 2 3 4 5 6 7 8 9 10
11 12 13 14 15 16 17 18 19 20
21 22 23 24 25 26 27 28 29 30
31 32 33 34 35 36 37 38 39 40
41 42 43 44 45 46 47 48 49 50
51 52 53 54 55 56 57 58 59 60
61 62 63 64 65 66 67 68 69 70
71 72 73 74 75 76 77 78 79 80
81 82 83 84 85 86 87 88 89 90
91 92 93 94 95 96 97 98 99 100
10 10
0 0 9 9
1 11 21 31 41 51 61 71 81 91
2 12 22 32 42 52 62 72 82 92
3 13 23 33 43 53 63 73 83 93
4 14 24 34 44 54 64 74 84 94
5 15 25 35 45 55 65 75 85 95
6 16 26 36 46 56 66 76 86 96
7 17 27 37 47 57 67 77 87 97
8 18 28 38 48 58 68 78 88 98
9 19 29 39 49 59 69 79 89 99
10 20 30 40 50 60 70 80 90 100
10 6
0 2 3 2
4869 8576 297 9103 -1 4455
8976 6746 2590 2396 9581 8165
-1 2495 9856 -1 -1 -1
7800 -1 7814 4484 3407 4074
3909 4265 -1 3634 3580 727
-1 3107 4753 9420 -1 -1
1836 9647 281 9268 9064 7558
3057 7552 1808 -1 1373 3390
-1 332 -1 -1 8214 8173
4973 6049 8301 1643 5009 3039
10 10
9 8 7 3
2109 -1 2440 6403 -1 6516 1474 -1 3874 9185
1088 -1 6640 1319 6529 2251 3465 2015 -1 744
4106 -1 5531 9621 7854 7229 -1 -1 4737 -1
7728 7341 -1 8437 3052 8554 178 -1 4542 2010
9084 7068 -1 3924 9878 1493 2554 2342 7559 -1
5995 -1 -1 2034 4425 -1 5318 3828 469 6184
8430 1630 72 9273 6988 56 -1 8894 -1 -1
7492 441 4449 3585 -1 6349 4641 -1 3070 -1
-1 9061 3353 3651 4445 8772 7793 6825 -1 3617
771 -1 -1 8314 -1 9306 2114 -1 9304 5824
10 10
4 3 8 0
-1 2306 6296 8434 -1 -1 6036 5326 -1 4631
7373 406 6164 8994 88 6150 8183 9089 7406 5491
-1 -1 1783 428 7381 9395 2644 1721 9795 -1
5141 2069 2708 989 5900 -1 6157 -1 1199 2084
494 -1 9495 8998 -1 -1 7891 -1 3520 -1
5588 -1 8751 1081 6702 -1 8728 8356 -1 -1
9287 8596 2272 3624 1014 8587 1385 180 6839 2074
4534 58 232 -1 4940 565 9568 1496 3141 -1
6849 6190 -1 -1 3097 7250 1458 9643 2398 -1
-1 4836 7568 9267 8333 8315 9629 7709 -1 250
10 5
8 2 4 2
7470 4528 9692 -1 6511
-1 4826 4259 -1 7088
-1 1703 5844 1780 9763
718 2629 3095 8688 8974
-1 3468 5241 -1 8953
3701 -1 -1 2042 7284
9614 7856 -1 -1 9131
1489 -1 177 -1 4907
7022 1407 8566 178 731
1919 -1 -1 3360 -1
10 10
0 9 5 7
333 -1 -1 8123 -1 7937 7915 2174 9701 1450
-1 -1 5906 -1 9266 9891 7204 5676 -1 6008
-1 2868 3016 -1 -1 2549 -1 -1 -1 946
714 -1 2971 -1 2236 8066 2064 -1 6263 9807
-1 2675 8685 5170 9857 7350 6979 8417 2972 7014
-1 5602 1207 5418 -1 8032 4627 2232 3405 961
-1 817 -1 2404 724 8995 2138 8541 -1 1895
-1 3664 154 -1 1132 7264 -1 4532 3148 2912
2982 6073 6135 3751 3780 9903 -1 -1 3426 4856
-1 9888 3416 9493 -1 -1 -1 1291 -1 625
10 10
6 8 6 9
4102 772 4520 5094 -1 4586 -1 -1 3412 7024
3164 -1 197 5507 -1 8090 8294 9423 9219 -1
3250 8342 7799 9281 103 9837 5181 2158 1262 6562
3333 -1 6442 9975 6883 4856 8794 2908 -1 8113
5295 926 -1 2458 -1 7179 8073 4072 1769 -1
-1 -1 6414 -1 1269 5944 2445 1209 8552 1476
-1 5037 -1 756 1331 -1 1754 -1 7034 1766
6251 2142 6275 -1 5071 7419 8772 -1 4601 4843
-1 -1 8351 3481 4424 3935 2606 2800 2438 9078
9377 -1 -1 -1 4816 5684 2969 5817 7985 557
9 8
4 6 4 4
4741 5591 -1 654 1600 8654 8307 -1
-1 -1 5689 8548 -1 5457 9516 -1
6234 -1 5557 5144 6117 -1 -1 6585
-1 1591 8567 4050 -1 6091 6205 1211
3147 -1 7960 8009 8867 9858 1003 4407
-1 2403 -1 3761 523 3502 -1 9148
6367 8749 3788 -1 -1 -1 2187 8631
-1 9633 -1 3758 3486 5309 -1 -1
7759 -1 8011 -1 -1 -1 6199 9647
10 10
4 1 8 3
-1 -1 3172 178 8545 254 7668 5993 2374 -1
-1 4651 -1 649 7410 9292 5509 4663 6597 7121
7972 5543 6734 3828 -1 8210 5372 -1 22 6268
5332 767 -1 2627 -1 2928 -1 6400 -1 6528
279 7004 710 2315 -1 6004 8976 -1 5998 6104
6731 9390 852 7883 8717 3821 -1 4099 8525 1918
6871 1063 -1 6391 -1 -1 -1 8082 5787 4892
-1 3561 4783 9135 6578 2702 -1 -1 6056 -1
8504 3354 7798 2738 -1 819 -1 -1 -1 7640
6843 3965 7155 8401 1620 2399 8593 -1 7097 9062
10 10
1 3 8 4
-1 1278 2468 -1 -1 5298 9758 -1 -1 439
-1 -1 -1 6005 -1 9301 5385 4596 5281 -1
9976 -1 4987 9376 1434 -1 7543 1595 9159 394
-1 6399 3942 3414 -1 8009 7098 9996 -1 4588
8720 3679 4988 -1 3708 6292 3225 -1 9555 5008
-1 -1 5526 2782 401 8552 45 8588 3455 5269
6760 8502 1959 8777 -1 -1 782 8178 3169 1921
8612 7841 2498 -1 1085 6460 8269 6461 9755 2246
-1 3593 1823 -1 1 -1 -1 4912 5018 -1
8533 -1 7890 2508 515 -1 3327 1709 -1 5534
10 10
8 5 8 7
6970 7061 -1 8431 7943 1546 1204 9958 1929 -1
5256 1919 4162 5778 2902 7745 3438 9204 6595 5281
9819 -1 3620 1371 8055 -1 8265 7867 1853 339
5795 -1 3539 203 9108 1199 -1 5961 3631 773
9992 4187 419 4549 -1 2753 2029 8810 3499 1525
3305 -1 855 8495 1471 -1 2243 1779 5147 -1
3950 -1 5639 1013 8158 -1 -1 4874 1710 -1
5167 8464 2199 8490 -1 3098 4174 -1 -1 8546
939 -1 -1 1851 4477 6149 8300 7528 -1 -1
7260 -1 3545 5446 -1 -1 2598 -1 -1 6821
9 10
0 5 2 2
-1 2254 7193 142 5396 2309 7298 -1 5722 2566
4845 7506 8724 5372 6059 604 3976 7569 -1 -1
8166 5448 5063 5569 7309 -1 9874 5718 7113 1315
5457 7154 -1 -1 6713 36 -1 89 5507 -1
6921 -1 -1 -1 8030 7725 7815 1101 7981 7005
9349 8750 6455 -1 4839 8292 1689 -1 8610 5654
8572 -1 2648 -1 9315 -1 -1 -1 4650 3964
-1 2131 6185 2036 8625 7704 5041 5877 -1 -1
-1 4429 -1 527 7173 2760 2821 8455 1282 -1
10 5
7 4 5 3
7536 3963 -1 -1 2697
-1 3478 -1 4004 3663
-1 8154 7923 8557 3546
3022 5758 6711 4037 2290
-1 -1 -1 1469 -1
1697 -1 1039 1994 -1
-1 -1 2652 9322 -1
2343 3322 -1 -1 5584
-1 6171 6291 9398 -1
7446 5090 3442 679 -1
5 10
3 5 0 5
-1 1303 9316 -1 2309 2941 5213 -1 6835 -1
-1 7323 5360 159 -1 8646 2562 -1 5021 -1
2675 8485 6267 -1 5559 6884 -1 3718 -1 1994
6277 8409 2191 5081 6119 2609 -1 -1 -1 6448
2430 7406 -1 3148 -1 4220 8310 3046 2449 -1
10 10
0 0 9 9
6668 3695 9506 7780 6303 6997 9324 4432 3515 5771
-1 -1 -1 -1 -1 -1 -1 -1 -1 4693
5944 4836 2098 43 9460 1597 7378 4684 2168 8430
2993 -1 -1 -1 -1 -1 -1 -1 -1 -1
1988 1475 8063 789 8225 7893 6024 3517 1280 2691
-1 -1 -1 -1 -1 -1 -1 -1 -1 7211
785 470 9865 4134 9793 4296 7648 1915 5340 9943
6751 -1 -1 -1 -1 -1 -1 -1 -1 -1
3789 9985 6210 1737 7362 7245 3904 2143 238 2244
3618 4652 3032 8194 8896 5407 1711 175 8097 5273
10 10
0 0 9 0
7311 4918 1490 7796 1063 2137 5443 2977 7477 1737
6079 7617 1722 2289 9354 5435 5885 9609 3930 6122
-1 -1 -1 -1 -1 -1 -1 -1 -1 1852
3899 7125 1235 2092 6020 6641 154 2546 4737 1779
6209 6007 3268 4004 7069 5404 5799 6397 2880 7535
2476 -1 -1 -1 -1 -1 -1 -1 -1 -1
6849 5608 1116 2554 7395 7000 2162 1324 9474 4014
5222 2950 5248 3665 5322 1889 171 7867 2977 1949
-1 -1 -1 -1 -1 -1 -1 -1 -1 427
5335 5216 783 2403 619 6581 5152 9851 467 7627
10 10
9 0 0 9
6699 6075 5094 9252 3469 8445 1413 1144 7918 1778
6365 7220 3378 6381 2541 5266 6551 6759 4594 8499
7186 9929 66 7968 8683 685 900 3834 535 1366
7812 3585 7440 2905 9188 7260 1350 600 8403 5619
8730 1119 2838 2107 7500 1730 3724 402 8489 4669
5253 2026 4597 5318 9993 9632 6002 7244 3465 2888
8609 7629 2824 2401 533 2011 9660 8234 8963 4415
205 7692 5533 9394 6150 9384 1124 9873 6138 5964
4541 1390 7989 5490 6707 4333 5121 9061 1576 4937
8300 6536 2565 1124 8936 9450 9486 8596 4035 4800
10 10
1 0 2 5
-1 -1 -1 -1 -1 -1 -1 -1 -1 -1
6337 -1 -1 -1 -1 -1 -1 -1 -1 -1
-1 -1 -1 -1 -1 4992 -1 -1 -1 -1
-1 -1 -1 -1 -1 -1 -1 -1 -1 -1
-1 -1 -1 -1 -1 -1 -1 -1 -1 -1
-1 -1 -1 -1 -1 -1 -1 -1 -1 -1
-1 -1 -1 -1 -1 -1 -1 -1 -1 -1
-1 -1 -1 -1 -1 -1 -1 -1 -1 -1
-1 -1 -1 -1 -1 -1 -1 -1 -1 -1
-1 -1 -1 -1 -1 -1 -1 -1 -1 -1
