30
1 2
0 0 0 1
49 44
2 1
1 0 0 0
49
86
2 2
0 0 1 1
58 -1
-1 50
10 10
0 0 9 9
4852 8320 6340 1617 4955 6079 6455 8182 2150 7273
4815 5875 9865 638 9878 7650 7461 131 1081 5062
80 2020 9516 9370 9236 5917 6413 1884 7954 1971
8034 9157 6642 725 773 1596 3156 3579 6129 5305
7203 943 1179 7067 7932 7408 1069 5392 3890 2149
6806 3970 4169 6321 9691 9756 8589 2456 7992 6542
778 6025 5698 7419 3101 2823 9014 6256 2753 1494
7912 9956 2437 9090 7022 368 2849 8090 2112 6739
6591 8917 7060 7111 1589 6750 3218 178 5557 1209
3071 6334 3585 5121 3752 6686 4295 9117 9293 7047
10 10
0 0 9 9
611 7205 7002 3047 2646 376 9766 5495 4817 1877
8585 7759 7145 5644 4869 8734 8745 4439 5263 4302
5647 4685 635 9232 9805 4387 5917 451 3503 1561
7498 465 8765 851 3511 1411 7578 9629 3257 2395
7857 1841 153 5002 7484 1374 87 2580 5812 1701
6881 7810 6385 3868 7041 2542 4606 9309 9344 4460
870 3193 4925 5986 4044 4787 3748 7973 4415 7004
367 8624 5196 6872 3625 9031 4597 63 1611 6760
1763 4843 4569 4499 5062 7962 3392 9667 7270 2736
4127 4491 2280 5403 477 6323 189 576 4296 956
10 10
0 0 9 9
3932 -1 9579 9127 4237 9555 8158 8833 9617 6120
-1 7731 7314 2865 8581 2376 826 8325 8394 8095
7412 2520 8938 9691 4274 9414 2366 815 6341 3013
1770 272 4026 7700 9399 4615 3606 3908 9799 9574
6379 1743 3656 3692 4607 8588 2419 1784 6912 813
9878 675 9684 5167 6718 3958 4580 9083 4772 921
8447 2893 7544 2472 6944 6942 3438 549 7201 3237
6474 3579 4979 129 3623 5937 8716 6041 7720 1980
6853 3949 2654 2889 9116 5723 6846 47 4805 7969
7319 3251 7213 4863 2075 508 8156 1864 1056 5357
10 10
0 0 9 9
5100 3881 5287 6430 4009 8909 2366 9076 1302 6437
1055 8154 386 61 1042 5853 5783 4239 5899 6940
8559 9570 6542 5771 4432 4968 6278 8939 6832 3685
4295 1931 7565 5934 8361 7925 4842 7078 7001 6143
3515 8055 649 252 8115 8042 2456 250 8633 4706
7189 7191 4275 3730 2962 5058 5050 5591 3997 1881
9276 4643 163 3192 576 4875 1117 1770 1953 8117
7912 1819 2523 4912 8422 638 9306 877 7239 7938
5582 4427 1480 6209 4508 4441 1266 5909 6384 -1
7789 2011 6257 7952 5202 3184 2826 2670 -1 1130
10 10
8 3 9 2
-1 6682 6386 1455 714 7660 1976 -1 -1 -1
1335 1131 -1 1251 -1 -1 -1 -1 -1 -1
7938 -1 58 -1 -1 255 -1 -1 -1 -1
2152 8949 4494 6410 5313 6073 8334 2548 950 -1
8476 -1 294 -1 1317 -1 -1 -1 -1 -1
6958 -1 899 4312 -1 7173 1966 6914 5904 9161
855 3310 -1 5041 1505 -1 6532 -1 -1 -1
-1 1156 4337 -1 5214 4637 4970 1355 4640 -1
8149 1948 -1 2125 1222 -1 -1 -1 -1 1265
-1 8266 2679 -1 8109 5804 6579 9942 2746 5869
10 10
6 8 5 9
-1 -1 -1 -1 -1 -1 -1 -1 -1 9815
-1 -1 -1 -1 -1 -1 9880 5850 3785 9606
-1 -1 -1 -1 5071 2194 -1 -1 4468 -1
-1 8228 8369 7345 -1 5363 -1 2053 5183 8782
-1 -1 -1 8271 5671 9090 6521 1503 -1 4435
1100 4721 8607 -1 7743 -1 7610 -1 -1 2105
-1 -1 7936 1716 7046 -1 7514 -1 5873 -1
-1 8962 1156 -1 -1 7802 6024 -1 483 -1
-1 -1 -1 3885 2333 3941 -1 -1 172 5577
-1 -1 -1 3892 -1 940 2127 2783 8623 -1
10 10
0 4 0 0
8185 4044 -1 -1 9399 -1 1815 -1 6900 -1
-1 4731 5612 9933 8561 9305 9921 3106 2165 8097
1112 2095 -1 5528 -1 3972 -1 6010 -1 6459
-1 6656 -1 9895 -1 6675 -1 3654 -1 626
5013 6714 4520 -1 4995 434 6486 -1 -1 -1
-1 5278 -1 -1 4817 -1 9544 7733 5773 9953
969 435 7894 -1 1066 5883 -1 6082 -1 8734
-1 5038 -1 -1 -1 -1 -1 3741 -1 810
-1 1846 -1 -1 -1 -1 -1 9392 4996 -1
-1 -1 -1 -1 -1 -1 -1 -1 -1 -1
10 10
0 5 0 0
4039 -1 -1 -1 4725 3882 5348 9382 415 5124
9922 2185 -1 3898 8241 -1 -1 7032 -1 4133
-1 1857 6435 5494 -1 -1 3105 3337 9916 -1
-1 -1 5991 -1 -1 1821 -1 -1 25 8865
-1 -1 687 9682 9258 7852 7486 1631 -1 4955
7893 6778 9447 -1 8816 -1 -1 2796 -1 7367
2298 -1 6117 -1 6592 632 -1 3001 7300 -1
-1 3159 6710 587 -1 8970 3265 -1 7505 6048
-1 -1 679 -1 -1 -1 765 -1 6039 -1
-1 -1 791 -1 -1 -1 -1 -1 -1 -1
10 10
0 0 9 9
1 2 3 4 5 6 7 8 9 10
11 12 13 14 15 16 17 18 19 20
21 22 23 24 25 26 27 28 29 30
31 32 33 34 35 36 37 38 39 40
41 42 43 44 45 46 47 48 49 50
51 52 53 54 55 56 57 58 59 60
61 62 63 64 65 66 67 68 69 70
71 72 73 74 75 76 77 78 79 80
81 82 83 84 85 86 87 88 89 90
91 92 93 94 95 96 97 98 99 100
10 10
0 0 9 9
1 11 21 31 41 51 61 71 81 91
2 12 22 32 42 52 62 72 82 92
3 13 23 33 43 53 63 73 83 93
4 14 24 34 44 54 64 74 84 94
5 15 25 35 45 55 65 75 85 95
6 16 26 36 46 56 66 76 86 96
7 17 27 37 47 57 67 77 87 97
8 18 28 38 48 58 68 78 88 98
9 19 29 39 49 59 69 79 89 99
10 20 30 40 50 60 70 80 90 100
10 10
5 9 3 9
4526 7648 8035 6003 3894 7743 -1 9530 6610 -1
5843 9304 495 5130 -1 40 3883 860 -1 4798
7245 9441 9665 -1 -1 6713 1315 -1 3509 5032
-1 4845 3690 6247 7469 7235 -1 -1 -1 1336
5998 5200 -1 6257 6984 5033 7431 4095 9349 -1
9391 3666 6345 -1 9340 -1 -1 -1 9623 3788
-1 -1 3783 636 5407 -1 8703 -1 -1 9084
145 4728 4304 1615 1542 5892 1677 -1 9203 6648
-1 7283 401 8530 7126 9857 9588 521 8616 -1
6582 6473 7063 -1 7553 2217 -1 1554 2606 -1
10 8
1 5 2 5
8329 -1 -1 8606 6377 7129 6362 4611
2426 719 686 6196 4999 1768 -1 1139
3914 1383 8651 458 -1 347 -1 6709
7822 7220 -1 8214 1862 3928 5550 499
9538 432 1288 -1 4223 -1 3535 9487
6148 919 1499 7070 3330 -1 3609 -1
5656 -1 -1 -1 2972 -1 5255 8056
5865 3788 1039 -1 -1 3889 -1 958
1595 -1 5204 -1 859 -1 -1 2623
202 4450 863 -1 5156 472 -1 -1
10 10
9 3 0 6
8009 9732 6450 422 -1 -1 1854 -1 4661 2283
-1 -1 7030 580 8941 7724 4614 3527 2146 -1
1710 -1 -1 922 1307 -1 4331 1584 9309 3073
-1 4 9026 3635 -1 7772 1034 8548 7978 -1
6461 2151 286 8449 -1 7766 1106 -1 4839 -1
3865 8318 8580 3303 8709 6116 4792 5851 949 8940
4769 8844 2742 9723 1140 6197 3846 5000 6954 8390
6503 5053 3303 9949 871 4707 8251 4525 6203 -1
7342 5055 -1 5920 -1 -1 8349 -1 1203 2644
9035 -1 9637 390 -1 4992 3634 3151 -1 6844
10 5
9 1 7 1
-1 -1 -1 -1 4330
-1 -1 1839 1346 -1
-1 3572 441 6832 9804
-1 8755 6690 -1 8040
-1 -1 2112 -1 -1
2322 -1 4161 8365 5395
2663 5613 9554 4725 -1
3480 1504 6299 -1 -1
-1 5992 4498 -1 -1
-1 2556 -1 1647 -1
10 10
5 2 8 9
7237 3594 -1 3827 9368 6402 4954 -1 757 5827
1703 616 2666 7946 3506 3618 8390 516 7092 8513
6387 -1 -1 9636 3942 8674 1669 -1 -1 -1
1198 7036 7707 -1 3966 3547 4715 -1 3227 4238
935 249 4782 -1 7253 1304 3648 -1 -1 7429
1907 2399 5447 -1 161 -1 9740 -1 4000 8691
9589 7592 7076 1821 6251 9842 5995 -1 1414 -1
6861 -1 7021 7603 2632 7112 495 9553 1655 3746
8243 3213 9151 9155 2372 9700 7429 -1 -1 6526
265 5758 5473 1438 -1 9444 -1 54 -1 -1
10 10
9 3 7 9
1627 -1 5407 -1 2560 1964 1257 6551 -1 -1
4458 3784 6265 4648 -1 200 6733 9302 2885 -1
-1 -1 4758 3205 25 793 -1 -1 915 4364
6958 -1 -1 5572 -1 1994 9413 6511 9528 3292
-1 493 -1 -1 1000 -1 4893 -1 9595 5407
4339 4508 1334 4608 8427 5619 -1 -1 6719 3242
1655 4080 6206 250 1881 9264 2747 283 6216 9916
3429 -1 -1 -1 1210 4839 -1 2050 4546 3336
3652 -1 1885 -1 -1 2526 -1 9779 126 5262
740 -1 8860 5929 4928 2100 7044 -1 4147 -1
6 7
4 5 0 1
-1 500 441 -1 2055 -1 6744
5666 -1 5716 -1 7815 1305 8476
3329 1309 -1 9085 7205 -1 -1
5527 7885 -1 8338 -1 355 9150
6295 236 1067 -1 2870 8010 8458
-1 2947 -1 -1 -1 6578 6342
10 10
6 7 0 2
4043 -1 9376 744 -1 -1 -1 -1 -1 2145
8289 -1 4866 -1 5375 -1 -1 8389 3766 -1
7266 6425 7412 5626 6541 2131 92 4236 -1 7020
8874 8370 1957 808 1429 5778 8190 235 -1 2386
9936 8483 4665 -1 -1 -1 1794 4940 4680 4915
8867 -1 295 -1 4105 7128 1376 3077 -1 2003
-1 6667 -1 1919 3192 -1 3859 5220 8207 -1
7890 6548 4837 6830 8167 8604 4582 1027 9976 -1
-1 -1 -1 2435 292 5727 5861 8966 6896 3452
-1 281 6822 8567 -1 -1 9555 1851 5685 -1
10 10
9 5 3 7
528 -1 -1 2498 4063 6204 6230 9540 4733 9199
3975 -1 1504 -1 332 7437 7259 -1 -1 -1
9599 -1 7718 1165 -1 7394 2654 -1 -1 5192
4695 -1 2550 3848 -1 7636 8970 7273 4327 3090
940 707 3896 7653 445 -1 1988 4668 -1 3570
4801 6448 5348 396 1228 -1 4317 3134 7674 8050
-1 950 -1 -1 7262 5591 -1 -1 3522 1961
79 4442 6280 7899 6337 1607 8892 2188 654 8995
-1 2609 -1 1394 5161 2905 3940 781 6161 402
5534 1629 7229 9443 4240 2552 -1 -1 2195 2612
6 10
1 5 5 0
2306 2583 5437 -1 -1 6074 4461 80 9069 3055
-1 2737 8803 9899 7610 2652 -1 501 3643 -1
9079 1988 4844 7213 -1 7468 2297 -1 8906 8824
3505 2802 2744 8046 2305 -1 5387 3434 2382 -1
-1 3398 -1 866 4203 -1 3108 125 3559 9969
7942 -1 8654 -1 3009 6747 9970 2627 3056 8816
10 10
4 8 5 3
5791 -1 2111 9496 -1 8150 6444 125 -1 94
2929 8076 4229 4897 8553 -1 3528 9045 9612 -1
4283 4366 -1 -1 -1 2105 -1 2407 9028 659
6990 -1 1886 7748 3086 -1 -1 -1 -1 5433
9380 -1 105 -1 922 1970 7336 3012 4224 6011
9309 9509 1066 4682 -1 4329 -1 1755 -1 9898
-1 3068 2492 -1 -1 -1 9048 -1 -1 7562
1174 500 2875 9263 -1 3592 6084 -1 -1 -1
527 1015 3578 4968 3710 1307 -1 -1 3879 7030
-1 6256 897 3399 4050 -1 9797 485 -1 7851
10 10
5 0 6 2
8730 6818 9784 979 1857 4336 2915 9945 3568 -1
6573 6138 7169 -1 126 5757 -1 838 -1 4787
-1 -1 2993 5703 -1 4969 2958 -1 5439 4257
236 4629 9606 9698 7898 2551 7482 -1 -1 -1
5124 -1 8803 2828 3058 604 -1 4861 1796 584
5738 -1 -1 5939 -1 2886 43 5192 -1 2279
5294 -1 8213 6702 284 3677 58 3175 1899 2707
7154 5702 -1 5744 4439 1545 4355 1800 -1 7236
-1 3871 247 4965 9635 4657 556 4356 6059 3392
2152 -1 49 6804 9051 4640 3394 2860 1456 9617
7 6
3 4 0 5
1639 1909 -1 2443 -1 9694
-1 5096 -1 4086 -1 6945
-1 2617 9973 3622 -1 -1
-1 943 6061 4771 4663 798
-1 2546 4706 6018 9282 2087
6078 1979 8979 -1 -1 9946
352 4431 3931 -1 7496 7091
10 10
0 0 9 9
6425 2384 6952 5706 2704 5391 7880 5133 6446 9858
-1 -1 -1 -1 -1 -1 -1 -1 -1 7535
5424 1809 5131 4833 1755 3501 1536 915 4283 6789
4845 -1 -1 -1 -1 -1 -1 -1 -1 -1
3621 6705 2340 108 148 9445 9140 6514 7606 5564
-1 -1 -1 -1 -1 -1 -1 -1 -1 5250
4558 7622 4305 6300 1853 9437 2745 1710 3323 4520
9870 -1 -1 -1 -1 -1 -1 -1 -1 -1
4805 9352 1624 4657 7239 2538 8939 4027 3735 8911
7084 6074 9018 7231 1870 8157 96 9476 73 1697
10 10
0 0 9 0
385 4046 6001 6684 5898 1790 9428 3959 1464 3947
3828 6269 9650 1804 7277 6888 693 6216 7266 4427
-1 -1 -1 -1 -1 -1 -1 -1 -1 1478
4349 6853 496 7931 8722 5004 4379 4549 1428 6075
4933 1825 8428 1616 4074 6569 1043 8032 8032 1341
8212 -1 -1 -1 -1 -1 -1 -1 -1 -1
652 7342 15 7929 581 707 496 7847 1486 1973
8547 8338 8820 2830 3411 176 7208 7960 1603 3282
-1 -1 -1 -1 -1 -1 -1 -1 -1 2892
3428 8061 860 7501 4629 8254 1885 9013 5947 6448
10 10
9 0 0 9
6016 3288 6462 296 221 3520 791 4419 1357 9116
2965 9694 7935 5794 9457 8110 3001 3768 6065 2635
3011 5844 7047 3870 9696 1676 2124 7932 7040 8070
4379 3055 7709 7192 3351 7929 7064 493 2347 8420
5960 1664 4466 3895 3809 3922 8356 3162 7689 772
5796 699 6615 9194 921 6311 869 3044 4242 4260
7465 4973 3667 1525 2164 3369 9454 9227 3861 8152
3999 9821 9815 8464 67 3624 8737 4774 6785 6425
1898 8932 3475 8512 8125 4395 1174 5346 3790 1768
5957 7606 3092 9623 9131 5255 9343 8584 834 9556
10 10
6 1 5 1
-1 -1 -1 -1 -1 -1 -1 -1 -1 -1
-1 -1 -1 -1 -1 -1 -1 -1 -1 -1
-1 -1 -1 -1 -1 -1 -1 -1 -1 -1
-1 -1 -1 -1 -1 -1 -1 -1 -1 -1
-1 -1 -1 -1 -1 -1 -1 -1 -1 -1
-1 5794 -1 -1 -1 -1 -1 -1 -1 -1
-1 3295 -1 -1 -1 -1 -1 -1 -1 -1
-1 -1 -1 -1 -1 -1 -1 -1 -1 -1
-1 -1 -1 -1 -1 -1 -1 -1 -1 -1
-1 -1 -1 -1 -1 -1 -1 -1 -1 -1
