3988
245 61
294 71
217 61
164 41
93 31
149 91
36 61
97 51
177 11
152 11
222 11
300 5680
223 31
247 11
188 91
300 3760
300 7550
198 11
294 81
200 21
137 21
209 1
300 9030
44 31
76 31
157 71
94 21
229 41
263 51
300 7520
241 1
78 61
57 21
111 11
173 91
300 6920
176 3160
134 81
300 6950
51 21
46 51
227 41
152 2357
137 1
100 1
34 41
86 71
251 91
79 91
300 3950
300 6130
300 2880
68 31
300 7120
153 2388
25 41
39 11
179 61
166 1
72 31
300 6990
300 9070
300 4040
257 31
300 6350
206 91
158 1
218 1
144 51
229 1
241 91
133 31
134 21
186 51
292 71
93 882
75 21
285 1
126 1
67 21
201 91
300 2660
300 6710
59 11
39 155
231 11
191 71
223 41
168 51
288 61
288 81
210 1
276 71
80 71
228 11
226 11
155 91
137 41
84 1
87 772
37 139
252 91
179 91
105 11
108 41
252 61
101 1040
300 7680
88 31
218 91
299 21
249 21
262 81
249 41
281 21
148 41
217 41
294 21
274 51
269 7383
36 11
300 4730
268 1
300 8470
77 71
240 91
202 4163
171 81
285 41
55 91
83 31
300 7950
32 51
300 4170
145 2145
68 41
144 11
77 81
85 41
300 2860
114 51
68 11
300 7840
287 51
29 11
93 1
162 51
158 91
74 41
205 1
89 91
47 81
293 1
154 61
283 41
20 21
300 1770
293 91
300 6640
57 331
170 81
169 41
96 1
76 41
292 8700
300 3440
259 11
238 31
186 71
300 8780
285 51
300 3120
239 91
281 31
125 91
202 81
300 1780
296 8940
65 431
53 61
294 8820
197 61
72 51
111 91
300 8060
297 91
22 31
275 21
183 3417
300 6040
247 91
192 71
237 81
245 41
282 31
87 91
71 514
300 3430
300 590
194 1
69 91
219 11
300 7110
136 81
178 61
245 21
166 2811
165 61
205 4288
300 6470
300 4910
169 91
37 41
163 81
282 61
187 11
239 5828
169 2914
170 2948
149 51
49 71
88 61
280 91
194 71
82 71
300 7990
133 51
197 91
58 61
161 91
194 11
300 5140
109 11
39 21
147 21
300 5690
300 4180
286 91
174 31
122 11
53 41
223 71
300 4560
80 91
43 188
204 71
28 71
210 41
29 81
281 71
300 510
128 1671
289 81
300 970
300 8290
236 61
190 81
300 6310
133 11
67 458
262 1
271 41
300 2040
289 91
284 91
300 3960
141 31
277 7829
92 1
171 31
58 11
45 206
98 61
33 51
300 3800
300 4580
21 21
300 5880
299 9122
43 31
300 3500
33 11
215 51
49 91
45 11
207 71
209 41
59 61
300 3240
227 31
12 11
124 71
268 21
120 71
295 91
135 21
281 51
97 91
182 31
217 91
230 61
165 21
58 343
55 11
164 1
29 71
256 6687
180 11
299 31
159 2579
82 81
122 1
77 91
94 51
300 2070
157 2515
188 51
270 71
193 21
212 11
300 3940
82 31
174 3089
136 91
113 41
216 41
70 500
33 61
274 41
245 6125
41 11
118 41
300 1220
230 11
132 31
113 31
97 21
300 7660
290 1
177 91
43 41
224 91
39 81
180 31
80 1
56 51
149 11
193 61
223 61
300 6620
300 8150
123 11
187 41
102 61
203 11
285 8288
300 5970
106 81
169 61
300 9130
217 4805
300 180
186 3530
30 91
275 7716
224 21
208 11
146 21
300 3020
300 8110
98 1
300 5130
154 21
300 1730
213 4629
300 3870
233 11
255 21
28 61
300 7060
154 81
130 1
300 3550
273 31
207 1
245 91
300 21
300 7180
17 1
112 71
227 51
71 71
105 31
109 71
300 530
170 61
242 41
261 1
92 31
66 41
300 1990
113 1
89 61
300 3270
226 1
290 81
300 8680
237 5731
196 41
124 81
134 41
234 91
109 81
158 61
263 61
208 91
300 8880
28 51
254 1
300 4550
120 41
31 81
278 41
131 1751
62 41
56 1
300 5480
42 21
252 21
140 61
300 7560
300 1300
300 1340
93 91
90 1
234 21
228 5304
266 61
219 71
135 1859
117 1
226 51
261 61
225 51
117 81
273 51
300 140
213 1
136 11
300 1530
129 51
118 21
300 7300
121 1493
54 81
168 91
178 21
216 51
186 21
110 31
300 5500
189 81
110 51
300 8800
300 3090
106 21
300 5290
300 3820
22 41
99 31
254 71
40 21
169 51
232 5492
197 71
300 2550
158 2547
222 81
230 81
300 1650
291 91
86 754
270 81
57 31
213 21
199 1
300 640
286 21
204 51
300 5310
300 4890
210 91
269 71
230 21
86 11
300 4960
225 21
237 11
183 71
150 11
182 91
300 8080
300 2900
56 61
124 91
209 31
134 71
300 5600
51 81
106 51
300 1110
300 8810
112 41
52 51
39 91
185 41
118 11
204 81
300 3910
50 51
32 31
112 1
169 1
142 21
300 4300
300 6460
85 21
99 71
276 31
118 51
30 51
70 1
130 61
126 61
293 41
62 392
300 3620
270 7438
73 51
300 4760
300 4090
141 11
300 1880
300 8560
217 31
129 71
208 41
179 51
234 11
104 61
32 11
219 91
245 1
36 132
263 1
77 11
118 71
128 11
82 51
254 91
177 51
60 51
300 6980
24 21
147 11
158 71
152 1
300 71
66 71
53 71
201 71
70 11
233 41
148 71
77 605
116 71
68 61
259 91
212 61
277 81
55 21
156 1
216 21
120 51
300 3610
83 11
300 440
295 41
259 31
236 91
242 51
72 11
291 81
99 61
182 81
173 61
65 91
210 4500
256 91
298 91
300 8980
28 41
283 81
295 51
300 700
270 31
300 240
217 1
166 41
119 81
25 21
240 71
277 41
60 41
246 21
268 41
300 5330
163 1
215 41
61 51
181 11
137 61
300 5670
235 91
131 41
300 5620
270 1
154 41
300 8510
244 41
206 1
140 91
298 71
300 3380
89 21
300 7490
49 21
300 2500
130 21
197 21
289 8522
300 1510
43 11
119 21
284 31
173 81
300 4850
157 11
190 61
300 2250
300 910
265 41
300 6840
300 5810
300 1370
139 71
292 11
150 91
81 21
63 31
91 51
236 81
300 500
159 61
231 21
300 6570
121 31
151 2326
141 61
233 21
147 61
300 4870
102 31
48 91
38 71
87 41
92 863
221 11
42 31
159 11
77 21
300 4830
184 21
300 1010
62 91
132 61
267 51
38 51
300 7770
300 2790
300 7500
300 3530
183 41
300 7250
267 81
31 71
111 41
300 1660
239 21
300 8040
300 7030
70 41
96 51
230 5397
77 61
289 31
286 8346
240 41
219 51
300 4350
300 4820
49 245
157 51
69 485
225 41
139 11
207 91
223 11
300 8600
254 11
251 31
174 21
173 41
300 550
172 91
111 21
108 71
206 61
76 51
75 51
65 61
106 91
269 41
152 71
276 7773
281 41
231 81
69 41
258 31
83 51
300 2240
57 71
44 41
45 61
300 6850
300 4070
300 1790
95 81
76 61
300 2850
300 2800
279 31
300 520
75 31
35 51
256 81
140 81
267 91
286 1
53 1
163 21
95 51
300 6200
208 21
300 3570
31 51
167 91
287 11
300 210
143 2086
153 81
300 8310
109 1212
205 61
64 91
106 41
48 41
300 3190
138 51
109 41
112 81
60 31
225 61
190 1
32 21
279 21
284 8230
174 41
293 71
193 51
50 31
236 1
263 81
69 81
296 21
167 51
300 4570
300 8430
82 41
105 51
83 61
300 820
207 81
94 31
122 41
300 1200
300 2380
250 71
300 6320
220 1
300 7350
300 3520
257 6739
60 11
157 41
69 71
283 71
243 71
300 6560
153 51
147 51
300 7780
284 41
108 31
300 8320
206 81
86 31
30 41
300 6300
255 6635
115 1349
134 61
299 1234
37 61
212 1
67 31
104 31
212 91
149 41
78 71
99 51
199 11
29 21
89 41
183 91
102 41
300 6010
212 51
84 81
194 41
241 11
232 91
191 31
168 11
233 81
96 41
262 71
300 8540
55 41
39 41
159 71
271 71
300 7290
300 8280
109 61
91 41
226 5211
30 31
72 61
280 81
268 7328
60 61
240 81
242 71
56 320
236 11
300 1460
95 11
64 41
86 61
22 21
52 31
204 1
300 5050
139 41
242 61
35 1
136 1
141 21
176 31
103 41
101 31
252 81
119 1445
295 21
265 11
72 21
137 71
300 8690
191 51
300 8120
253 1
176 21
88 21
227 5258
240 61
222 61
34 61
87 11
300 5120
70 21
93 21
178 11
82 1
219 41
192 51
270 41
54 71
282 21
212 4586
300 6400
244 71
300 6530
116 11
300 3420
300 6960
107 81
289 21
240 11
192 91
241 31
300 7670
292 1
49 61
300 2160
38 81
300 4520
80 61
300 3230
300 2060
219 1
145 81
228 71
162 71
135 41
191 81
253 41
300 300
300 7270
156 31
174 91
135 81
182 51
188 81
300 8200
280 51
300 2950
264 21
296 51
300 2680
295 11
231 61
100 41
181 1
28 31
266 21
235 41
238 11
114 31
103 11
159 91
256 11
300 5640
300 7570
300 8170
264 41
289 11
300 8350
34 21
300 1610
169 71
88 51
249 81
300 630
258 61
127 31
300 4200
200 4081
298 9061
144 41
139 1971
300 4120
232 61
128 41
300 2650
300 6650
224 41
17 11
14 11
300 6660
63 81
231 51
95 91
32 104
208 81
151 71
167 11
115 1
272 11
196 81
73 31
300 8710
147 91
143 71
183 21
169 11
153 41
300 6720
165 31
156 81
148 21
277 51
300 220
201 51
66 91
300 2980
213 41
111 81
300 1980
65 21
25 51
296 81
157 81
126 51
59 41
71 81
300 1470
90 91
300 1270
91 61
108 21
251 1
250 81
186 11
157 21
191 21
67 91
63 91
300 1630
53 21
300 2010
48 235
118 61
148 1
300 3460
300 7860
300 8530
125 61
145 41
110 71
84 11
88 11
37 51
46 81
272 81
27 51
143 21
161 81
64 71
300 8620
290 41
119 91
128 21
178 31
281 11
300 4010
46 41
282 11
102 11
45 71
73 21
300 5720
85 81
49 81
287 61
102 21
37 11
90 81
78 1
300 4880
300 1040
300 6880
300 150
81 51
78 81
245 51
166 21
66 81
300 3310
300 4280
86 21
266 11
300 4680
273 91
278 21
300 1250
180 61
125 81
235 71
300 3640
272 7549
150 71
300 5530
81 71
54 1
133 21
220 61
181 71
300 6780
277 31
130 71
100 81
300 7460
184 11
13 1
62 31
217 81
175 81
158 21
10 1
292 61
61 81
33 41
123 91
300 2530
79 1
202 41
203 81
79 636
274 31
98 980
151 21
116 91
247 81
184 3454
196 61
271 1
72 528
300 7090
115 11
208 51
300 420
72 71
300 4160
300 5540
98 71
279 71
181 21
122 61
258 21
248 31
191 61
146 61
300 3260
199 41
42 11
132 21
88 1
36 81
36 21
136 31
69 21
151 1
300 5260
48 31
162 2677
113 61
300 6670
133 61
205 91
80 31
212 31
93 41
300 2930
105 21
300 2200
74 21
184 91
195 91
300 2560
29 1
101 11
300 4710
300 2000
116 51
300 4150
296 41
145 61
215 91
300 2330
231 41
223 81
246 11
51 11
281 8057
99 1000
258 71
118 1420
127 11
140 2000
152 91
276 41
164 21
216 4760
300 4610
59 91
105 1
129 1698
275 71
54 297
139 51
238 5780
300 1570
300 1970
117 11
300 5340
300 470
297 61
76 11
109 31
176 11
56 11
168 31
207 51
300 8850
104 11
199 91
300 2460
91 71
26 41
100 1020
253 6531
228 91
72 1
300 3590
142 71
300 3370
300 6520
293 11
92 41
91 11
184 51
300 7530
107 31
230 71
86 1
138 81
300 3170
50 21
55 31
187 1
204 31
296 91
117 1396
48 81
234 31
300 8520
185 71
210 31
24 51
300 7650
292 41
300 2150
202 71
119 31
300 8650
45 51
300 3130
300 5180
65 11
300 3510
159 41
195 71
191 1
112 11
277 21
300 1410
146 91
31 11
265 81
26 61
153 31
223 91
132 91
173 31
88 790
182 1
98 980
300 7070
300 7380
271 7493
300 8340
95 61
177 71
49 1
35 31
300 5160
264 51
43 1
260 81
110 81
213 81
178 1
63 41
38 1
300 9180
48 61
248 1
77 41
164 71
126 1620
24 1
225 81
300 410
162 61
221 71
127 1
205 21
300 100
80 81
138 41
300 6160
246 1
300 7820
300 8030
174 81
300 4510
278 51
129 11
90 11
196 11
300 7230
300 2690
259 6845
102 91
88 71
288 91
170 71
166 71
234 71
300 6600
300 3070
300 3670
23 31
265 71
276 61
300 7440
229 5351
254 51
90 41
122 31
46 91
128 31
290 21
78 11
300 2740
300 900
300 51
173 3053
114 61
79 71
244 6075
300 7930
268 11
254 41
291 71
300 8250
300 2710
165 2778
227 71
160 41
300 120
300 6430
122 91
276 1
193 71
214 11
270 61
167 1
300 6510
49 51
214 71
95 71
231 91
144 21
300 6190
227 1
300 1760
248 21
298 61
300 3990
85 51
35 71
238 1
252 6480
161 11
175 61
300 7220
300 4230
51 41
300 850
171 1
116 31
29 51
130 91
300 5030
85 71
113 21
220 31
33 91
255 11
159 21
300 8840
300 8870
70 91
100 21
264 1
170 91
300 8260
300 4110
52 1
83 1
53 51
289 71
76 21
245 71
225 31
300 4290
297 51
69 11
111 1
173 1
78 41
300 3300
127 41
143 11
235 81
232 81
300 1950
43 91
300 9080
300 1550
296 71
187 61
33 21
300 3810
232 11
261 31
300 3080
239 71
300 5710
79 41
41 81
300 3790
121 1
163 71
45 1
300 770
47 51
111 1257
209 81
300 1800
180 91
227 61
186 41
292 81
300 860
260 21
172 51
197 51
199 71
213 51
42 1
300 7040
224 11
297 31
138 91
89 31
57 91
84 720
172 3018
215 1
74 91
237 61
146 51
300 5040
167 21
221 21
300 3030
82 686
150 21
214 21
64 1
164 51
136 51
210 11
300 4920
174 1
300 8890
232 1
150 41
139 91
64 81
282 91
250 21
97 11
202 51
219 31
45 91
300 2960
300 1540
300 8970
300 8330
40 1
33 71
46 11
245 11
190 91
192 31
58 81
126 71
56 71
300 4780
300 6590
95 21
300 6730
300 2580
38 61
300 2320
64 11
275 31
61 71
300 4440
192 21
300 7800
90 61
300 9170
145 71
155 51
108 1
143 51
234 5587
55 1
132 11
214 81
95 1
168 2880
300 7190
300 6500
176 41
300 7760
66 21
143 1
59 21
280 61
60 91
222 91
300 5080
41 61
100 71
231 71
230 41
300 8460
299 61
66 31
284 11
300 650
223 51
182 71
115 51
239 51
68 471
300 8820
132 81
138 11
178 51
283 61
233 51
237 31
300 9100
232 71
253 11
115 91
192 41
146 41
300 3330
51 265
226 41
204 91
195 61
126 11
114 41
101 1
123 1
160 91
300 110
91 81
196 3920
252 1
107 71
117 91
300 7400
45 31
228 81
300 4390
300 4030
130 31
110 91
160 1
300 4940
300 3060
276 21
52 41
175 3125
300 8900
284 21
200 51
300 950
13 11
300 6390
196 71
211 61
266 31
142 31
227 11
226 91
78 91
91 21
300 4750
117 41
74 81
300 6630
126 41
300 1710
300 3210
119 11
300 2170
131 1
300 7450
255 91
279 51
300 3110
300 4340
300 7900
276 51
68 21
63 405
115 31
281 91
99 21
300 3100
300 4540
300 4590
126 31
291 11
69 51
300 4770
300 3040
283 31
251 41
234 41
256 41
108 61
261 51
67 1
267 41
119 61
300 5790
300 7790
96 61
36 71
300 4970
157 61
115 41
51 31
97 960
300 4650
141 41
135 11
271 21
220 81
291 51
215 31
243 1
300 9150
300 9160
201 21
169 31
300 7700
150 51
222 71
300 7240
32 41
142 2057
300 8070
300 2360
105 71
300 7610
300 2430
300 3730
259 51
289 51
89 11
155 41
300 3160
153 11
265 7165
294 41
300 920
299 11
300 5930
131 81
63 61
234 51
246 71
103 81
103 71
66 51
204 41
100 51
24 11
300 9000
262 7004
256 31
290 51
123 21
70 31
128 61
217 71
152 31
56 91
300 1890
20 1
174 71
62 51
190 21
189 21
270 11
163 91
80 21
201 61
106 71
300 2840
300 2100
300 5000
237 21
63 11
25 31
46 31
206 41
225 5165
160 61
117 71
230 91
102 1061
90 21
144 71
300 1170
22 1
136 1887
300 1390
245 31
122 21
164 91
236 71
47 91
211 71
179 41
285 81
83 21
284 51
248 51
72 91
58 91
118 81
83 91
266 7220
23 41
300 6240
154 2420
187 21
300 4380
291 8640
130 51
132 1777
251 81
233 1
146 31
193 1
226 81
192 3761
149 71
38 11
144 61
123 81
109 21
287 1
226 71
267 71
300 8930
242 91
267 31
300 830
124 1568
300 4860
222 1
104 91
204 11
39 61
282 8114
44 21
204 4246
210 61
300 31
25 61
300 2760
300 4430
216 61
300 2290
52 81
139 31
101 51
209 51
189 61
220 51
286 31
300 7280
300 1490
198 4000
126 81
127 91
63 71
300 7130
166 81
45 41
203 91
207 4372
59 81
170 51
116 61
300 7710
104 71
298 1
161 41
107 61
300 7020
75 573
300 2770
250 11
255 81
25 11
98 21
300 5660
57 41
108 91
244 91
213 31
300 6360
43 51
288 71
237 41
23 11
300 5590
275 81
255 1
229 71
85 91
202 1
112 51
112 91
300 2300
261 81
256 21
300 4260
300 8550
250 91
103 51
169 21
300 6330
147 2205
40 91
92 11
27 11
300 5370
300 5910
162 11
203 31
198 81
175 51
206 31
238 81
238 71
113 51
165 91
45 81
205 81
162 81
243 91
173 71
299 51
32 91
300 2520
45 21
76 81
114 11
148 11
300 6120
300 7410
300 2120
143 41
184 1
253 21
58 21
138 1943
179 1
300 1070
300 41
256 71
300 3920
229 61
300 1260
58 41
99 81
300 7740
36 51
124 61
182 3380
94 81
286 11
266 81
151 41
300 5840
300 4240
276 91
71 91
107 1168
43 21
200 81
271 31
300 750
300 1910
133 1805
123 41
212 71
74 1
300 5560
196 31
54 31
92 61
246 91
212 21
183 61
171 2983
82 21
251 61
276 11
269 31
24 31
270 21
145 1
247 41
193 31
300 5940
300 2030
248 91
230 31
221 91
213 11
299 71
283 11
283 51
196 1
300 6030
66 444
300 4670
300 840
180 41
300 5460
300 3150
139 81
227 91
300 3050
209 91
46 1
271 61
267 61
273 11
278 31
97 81
151 31
300 3970
112 31
300 930
97 41
300 8670
87 81
146 2175
209 21
185 91
250 51
300 3410
231 31
300 1320
131 91
300 1280
215 71
51 71
300 7920
300 1130
120 91
189 3645
300 6050
300 7320
300 6290
89 81
201 41
172 81
268 71
300 2630
224 81
133 81
263 21
240 5877
222 51
192 1
67 11
129 81
197 1
224 31
50 81
300 980
300 5230
211 81
247 31
83 71
300 2820
221 31
300 1440
27 31
53 286
300 8770
251 51
177 81
300 7100
300 3650
300 5190
300 4410
291 1
300 8450
262 11
300 2130
300 1380
144 31
73 543
244 11
215 21
300 8730
75 41
300 8360
187 81
293 21
232 51
227 21
83 41
164 61
27 71
147 81
21 41
65 51
66 11
300 5520
300 7210
300 7750
102 71
52 21
78 31
41 71
288 51
300 6900
217 11
300 4740
52 61
42 51
160 2612
300 170
166 11
282 81
232 31
299 91
300 2480
50 1
238 51
268 51
123 71
56 81
89 808
300 3180
300 4080
62 71
238 61
99 11
286 61
26 51
300 5510
300 5170
61 379
78 21
60 81
101 41
252 31
67 71
50 255
173 51
300 6410
220 4938
27 21
300 4930
290 11
300 3850
300 9060
165 51
257 51
300 5350
286 41
300 8960
245 81
121 71
243 21
104 21
300 400
244 31
225 1
52 275
177 41
82 61
56 41
277 1
129 41
198 21
130 11
260 91
228 21
185 81
173 11
84 41
156 71
148 91
300 2140
200 61
179 81
239 1
141 71
145 31
83 702
117 31
149 61
218 11
149 21
287 41
300 9090
297 41
167 81
31 91
222 31
296 11
218 61
213 91
300 4840
142 11
210 51
51 91
61 61
137 81
180 1
43 81
116 1373
300 2670
300 4490
240 1
278 81
54 91
285 11
103 1
120 61
114 1
264 31
300 5730
249 1
220 91
31 21
14 1
27 61
207 11
282 41
150 81
300 3740
145 11
158 31
284 1
300 1870
34 117
112 21
41 31
172 21
235 61
297 9000
265 31
300 8090
90 826
300 2190
274 7660
196 21
193 81
247 1
37 71
271 11
142 51
151 51
300 2350
156 61
67 51
188 1
178 41
300 5800
202 11
241 5926
40 163
300 1810
242 5975
38 91
300 3140
300 570
300 4690
300 790
105 81
40 61
211 11
136 71
190 51
65 41
68 91
300 8180
300 680
300 3000
300 4250
291 21
207 21
194 3840
292 21
5 1
102 81
300 81
131 51
51 1
126 21
97 31
250 61
300 7630
300 7720
239 81
36 91
253 51
180 71
268 91
185 1
187 3568
300 5990
140 21
153 1
300 2590
228 41
300 600
300 2440
300 7940
162 21
111 61
134 91
167 61
295 8880
300 2720
152 61
155 81
269 11
300 4450
300 5280
60 71
167 31
300 6680
135 1
186 31
266 91
300 370
106 1146
89 1
300 6740
101 21
179 3269
300 3400
247 21
195 31
113 11
254 61
9 1
300 3200
300 3540
73 41
300 8420
32 1
278 71
300 4190
44 11
290 61
176 61
300 5780
90 71
230 1
186 81
87 1
298 81
129 91
71 11
155 31
228 61
161 1
300 5440
34 31
300 690
66 61
55 81
254 21
300 7480
200 41
262 21
293 51
189 31
226 61
264 81
88 41
191 91
104 51
161 31
43 71
178 3233
300 6480
272 21
84 51
140 41
120 31
104 1
124 1
300 9040
81 91
64 51
272 51
300 3320
76 91
198 31
86 81
206 71
177 1
300 6790
201 81
211 91
96 11
300 5890
64 21
175 21
213 71
171 71
284 71
67 41
259 41
202 91
188 21
194 31
218 51
40 11
35 91
288 8463
300 620
108 11
300 2410
277 91
170 21
134 1832
23 1
300 1160
283 91
300 7620
300 7200
155 1
300 7360
151 91
164 11
300 2050
166 31
285 91
300 6970
146 1
300 2620
107 41
138 31
249 11
284 81
206 21
180 3306
87 71
152 21
248 81
287 81
300 250
300 6110
287 31
157 31
212 41
57 81
216 31
171 91
105 41
255 31
289 41
243 61
275 91
133 41
300 8580
300 4140
104 1103
140 11
148 81
257 91
18 21
290 31
81 61
269 81
6 1
300 2830
300 2870
300 720
218 71
230 51
269 51
273 81
300 5870
31 31
236 5683
240 51
152 41
300 1050
278 11
256 61
294 11
127 21
112 1280
96 91
72 41
266 51
223 1
81 31
287 21
96 81
218 81
295 71
300 8760
300 4360
78 51
265 91
300 580
300 6420
257 1
300 2600
110 1234
300 360
189 41
300 6750
263 7058
300 7260
300 7150
300 6210
187 51
300 7910
41 171
300 4700
143 61
33 1
298 41
300 4980
300 7310
38 147
136 21
201 31
262 31
300 3700
244 51
300 6830
235 51
300 1450
71 51
300 8910
52 11
251 11
148 51
198 1
171 41
82 91
93 81
300 9140
231 5445
135 31
194 51
300 3880
298 31
254 81
300 2780
154 11
115 81
58 71
266 1
93 61
286 81
108 81
197 11
152 51
264 71
278 1
300 9120
100 61
300 5100
224 71
300 610
75 91
300 2400
187 31
300 1740
179 21
63 21
36 1
112 61
300 2420
300 5360
149 81
121 11
197 41
93 71
254 31
98 31
111 31
57 51
134 1
146 11
20 31
300 6180
42 91
258 11
129 1
175 91
182 41
285 61
300 4640
216 81
61 1
300 8190
214 51
300 3900
231 1
300 280
256 51
300 6910
300 5070
255 71
300 6060
279 1
47 21
166 91
260 11
41 91
250 31
172 71
265 1
54 41
273 1
29 31
158 51
258 51
184 81
259 71
40 41
300 5980
26 11
269 91
100 11
300 3490
300 3980
124 21
57 11
181 91
300 2230
249 61
232 21
79 51
44 81
263 71
160 81
11 1
300 3600
34 1
110 41
214 91
81 41
123 31
300 890
221 1
300 5090
116 21
142 1
228 1
251 21
274 81
300 6070
300 8000
300 1290
194 61
300 1930
300 1720
170 1
257 41
20 11
214 4673
121 81
150 1
300 940
300 7470
295 31
48 11
195 51
23 21
300 6000
28 1
130 1724
300 8480
274 21
248 6275
96 940
116 81
235 31
172 61
84 31
300 4130
300 5270
41 41
75 1
47 31
175 71
37 1
193 41
300 5570
114 1326
300 6020
300 9020
246 31
300 2700
94 61
290 91
260 51
91 845
258 81
47 11
119 51
71 1
95 41
253 31
201 1
156 21
300 8700
53 11
300 5650
300 1480
195 1
226 31
292 31
300 8610
93 11
49 31
271 51
100 31
219 81
300 8380
300 1020
86 91
161 2645
300 2020
206 51
131 31
249 91
125 1
236 31
247 6225
288 41
300 230
300 6100
175 41
15 21
300 2540
279 7942
300 2490
11 11
41 21
260 6897
300 4320
141 2028
300 540
182 11
35 125
300 2640
300 7960
300 2910
300 3930
156 51
237 71
172 1
103 1082
110 1
300 4790
64 61
240 21
186 61
242 21
259 81
300 990
31 1
300 6370
155 61
282 51
141 1
200 71
300 4480
133 71
108 51
114 21
184 41
177 21
198 71
274 61
300 780
145 51
71 31
253 91
82 11
300 11
300 1520
203 61
95 31
103 91
272 71
300 7690
42 41
300 1310
257 81
300 5920
243 81
243 11
219 21
129 31
57 61
172 31
199 51
188 61
300 3470
171 61
44 71
300 7050
19 31
79 81
168 71
163 61
300 8410
300 7640
38 41
300 8300
97 71
293 31
203 4205
192 81
252 51
300 3250
122 51
195 81
148 2235
29 61
300 7970
96 31
242 81
300 6490
182 21
137 1915
193 3800
300 4530
270 91
248 61
87 61
101 81
300 3560
300 8750
67 81
209 4457
19 11
214 41
264 91
44 197
133 91
166 61
50 41
79 61
164 81
283 1
300 7890
184 61
64 417
300 320
54 21
189 71
53 91
98 11
194 91
150 61
233 61
258 1
257 61
300 6270
74 31
198 61
193 91
55 61
267 7274
185 11
73 61
116 41
49 41
241 21
77 31
46 71
300 310
106 31
299 1
249 71
300 290
300 1060
38 31
148 61
115 61
300 7000
300 8830
16 11
229 91
271 81
113 81
180 81
47 41
199 4040
298 11
273 71
300 2310
216 91
262 91
300 6870
171 11
30 1
279 81
253 81
300 1140
154 31
283 8172
92 91
220 41
275 41
194 21
300 7080
205 41
137 91
211 41
181 31
292 51
300 7830
214 1
174 61
176 1
156 91
300 5060
39 71
279 61
282 71
195 3880
199 81
267 21
300 3390
267 1
277 11
300 7810
203 51
300 8500
61 91
238 41
300 8210
15 1
300 3750
217 21
31 61
300 6760
35 21
141 51
78 620
211 1
85 737
42 71
300 2370
37 91
186 91
300 1240
260 31
197 31
156 2483
300 7850
300 1840
295 61
151 61
55 51
300 5900
300 4800
161 21
65 71
88 91
199 31
91 31
300 5750
73 71
300 160
103 61
27 1
129 61
68 71
269 1
40 31
98 81
190 3683
153 91
203 41
300 8990
300 5860
126 91
35 11
203 71
139 1
300 7540
291 41
55 308
127 51
300 2260
255 51
228 51
132 41
300 7140
300 9010
300 5380
280 8000
130 41
122 1518
47 71
221 61
294 91
41 51
177 61
300 2390
21 11
44 51
8 1
221 51
300 1180
91 91
283 21
87 21
222 41
39 51
239 31
151 11
165 71
210 81
138 61
209 11
56 31
160 51
141 81
287 91
80 11
232 41
300 8400
191 11
279 41
300 6090
289 61
24 41
300 5630
300 6860
111 71
109 1
273 21
37 31
127 81
300 710
162 41
30 81
50 91
225 11
300 6940
47 61
296 61
160 21
246 51
294 1
300 1500
300 5960
233 31
300 8130
300 5580
215 81
300 1900
297 21
285 21
296 31
300 1350
236 51
300 560
65 81
300 3360
300 6170
207 61
300 5210
125 1594
252 41
221 4983
300 4020
205 11
107 21
81 11
39 1
300 330
203 21
48 51
300 8490
197 3960
120 1469
262 41
29 41
300 2080
90 31
235 11
156 11
300 380
263 31
25 1
300 190
137 31
256 1
125 51
300 1960
300 5390
50 71
197 81
124 51
268 81
36 31
210 71
300 1150
243 6025
265 21
181 41
134 11
278 91
265 61
300 130
277 61
32 61
300 8220
248 11
103 21
75 61
124 11
300 4810
59 31
300 350
300 7160
125 11
34 51
240 31
300 5010
76 71
51 51
129 21
257 21
19 1
125 71
30 61
94 71
179 31
280 1
147 41
300 4460
221 41
233 5539
300 270
201 11
208 31
275 61
300 9110
62 1
300 6440
98 91
147 71
218 21
177 31
220 21
18 11
98 490
148 31
272 1
288 11
244 81
42 61
123 51
140 1
94 901
181 3342
205 31
208 71
237 91
300 2730
300 2270
288 1
130 81
285 71
261 21
297 1
246 81
221 81
137 51
299 41
272 31
300 1560
182 61
238 91
209 61
300 8720
94 91
300 1120
300 200
294 51
216 71
261 11
34 91
300 7600
131 61
127 61
300 8570
202 61
242 1
184 31
198 41
94 1
257 71
261 91
180 21
300 3450
189 51
70 61
300 670
300 760
246 6175
300 8940
300 3860
168 61
300 8050
223 5074
94 41
85 31
159 51
300 3690
300 480
30 11
74 61
224 51
61 11
128 51
255 61
131 11
300 5220
222 5028
189 11
300 8790
123 1543
128 71
299 81
72 81
291 31
48 21
294 31
61 41
107 11
300 8140
300 1580
218 41
80 41
272 41
28 21
103 31
215 11
239 61
118 91
235 1
224 61
118 31
50 61
281 81
174 11
206 11
176 71
300 3630
300 2180
163 31
300 4660
140 31
31 41
122 81
288 21
223 21
92 51
211 21
300 8010
300 1090
300 3890
149 31
15 11
40 51
300 7330
175 11
70 71
253 61
208 1
300 4400
298 21
79 31
68 1
300 4100
228 31
229 11
102 1
124 41
220 11
300 6450
117 21
200 11
153 71
300 1850
165 41
249 31
37 21
107 1
52 71
121 21
200 91
300 1230
236 21
166 51
113 1302
300 7510
258 6792
215 4716
178 71
181 51
133 1
18 1
300 3480
96 71
201 4122
170 11
300 960
300 3720
300 1860
84 71
44 1
300 5950
46 61
163 11
300 870
58 31
188 11
132 51
300 6540
138 71
76 1
300 4720
71 21
261 6951
229 21
200 1
77 1
300 7430
300 9183
241 41
154 1
293 8760
161 61
229 51
120 81
300 2990
144 81
39 31
295 81
209 71
59 1
268 61
92 81
140 71
272 61
211 4542
149 1
181 81
274 91
149 2265
259 61
152 81
168 1
264 61
238 21
300 7170
300 8950
198 51
263 41
123 61
175 1
300 6080
174 51
40 71
49 11
203 1
300 390
155 21
300 6770
300 8240
278 7886
300 3220
104 41
198 91
164 31
84 61
300 6260
300 6820
300 5150
63 51
243 41
131 71
97 1
300 8390
258 41
300 1100
190 71
101 91
102 51
300 5830
80 653
244 61
300 2090
300 2570
32 71
222 21
300 1620
251 6428
300 2210
216 1
145 91
154 71
155 2451
300 430
38 21
300 1670
121 41
118 1
153 21
274 71
101 61
218 4849
155 11
300 6890
246 61
196 91
300 6220
35 81
247 61
142 91
155 71
300 260
185 21
284 61
75 11
300 8440
145 21
60 367
109 51
73 11
50 11
249 51
62 21
98 51
69 61
47 225
261 41
300 2920
169 81
120 21
176 51
157 91
300 6340
300 660
185 31
44 91
282 1
98 41
176 81
165 1
300 460
208 4414
275 1
275 11
300 8370
300 7870
300 5430
300 3340
173 21
300 7370
56 21
85 1
134 51
293 81
250 41
300 91
296 1
69 31
300 4210
300 4990
300 490
300 3280
51 61
40 81
75 71
58 1
297 81
79 11
300 1830
26 1
30 21
300 3660
300 5450
136 41
33 31
106 1
279 91
300 8640
105 1125
52 91
131 21
48 1
300 8630
115 71
300 4620
142 81
233 71
300 4330
139 21
77 51
54 11
218 31
183 1
300 2340
300 1000
300 4310
144 91
300 6930
110 21
33 111
258 91
171 21
19 21
188 41
290 8581
287 71
68 81
300 3290
110 61
128 81
300 6610
279 11
146 81
300 4220
53 81
300 740
300 1750
206 4330
181 61
46 21
195 41
269 21
300 9050
165 81
16 1
66 1
300 4420
300 3770
300 2610
300 2110
300 3840
62 81
300 1600
4 1
274 11
229 81
300 6380
30 71
105 91
300 4950
207 41
300 4500
43 61
214 31
177 3196
12 1
216 11
254 6583
300 6230
104 81
300 1590
135 51
121 61
183 81
276 81
179 11
117 51
64 31
287 8405
214 61
300 1
300 5110
300 4470
300 7730
259 1
211 31
300 3680
167 41
147 1
278 61
241 81
54 61
142 61
58 51
178 81
160 31
270 51
107 51
300 5300
172 11
187 71
23 51
263 11
300 5850
92 71
115 21
84 21
297 11
300 880
191 41
60 21
165 11
274 1
92 21
28 11
244 21
300 6140
167 2845
7 1
300 5320
281 1
262 61
59 71
185 51
81 81
243 31
71 61
272 91
220 71
264 11
219 4893
124 31
290 71
300 6580
224 5120
300 8860
273 7605
260 71
300 5550
106 11
185 3492
300 4900
260 1
108 1190
107 91
300 3830
163 51
119 71
41 1
300 2280
36 41
162 31
233 91
22 11
71 41
134 31
87 51
273 61
172 41
183 51
300 4060
151 81
300 5770
89 71
96 21
89 51
16 21
154 51
252 71
85 11
300 1700
241 51
35 41
110 11
33 81
192 61
121 51
26 31
171 51
67 61
248 71
300 8660
260 61
300 2810
300 1210
271 91
300 6550
277 71
81 669
259 21
300 2750
190 11
117 61
237 51
143 31
288 31
300 7590
219 61
300 6700
73 1
225 71
300 6150
300 8740
215 61
297 71
300 2940
116 1
281 61
32 81
135 71
236 41
106 61
202 21
300 6690
253 71
138 21
150 2295
53 31
300 3010
300 7390
75 81
114 81
74 71
229 31
99 41
300 5820
300 3710
249 6326
267 11
76 589
188 71
189 91
235 21
300 5410
168 41
243 51
300 5420
105 61
158 41
291 61
86 51
300 6800
208 61
289 1
300 2890
225 91
207 31
239 41
183 11
264 7111
168 81
156 41
280 71
113 91
260 41
298 51
300 4050
248 41
170 41
176 91
246 41
135 91
293 61
300 450
44 61
262 51
138 1
37 81
160 71
300 1920
300 2450
205 51
34 81
83 81
280 41
300 6810
300 4600
234 81
300 1030
79 21
144 2115
300 4370
99 91
252 11
80 51
61 31
300 8270
132 1
62 11
266 71
111 51
295 1
21 1
143 81
136 61
300 2220
242 31
300 5400
143 91
226 21
300 6280
300 810
300 4630
55 71
90 51
300 61
300 1190
160 11
300 340
251 71
273 41
70 81
300 8590
300 7420
34 71
97 61
128 91
162 91
300 1430
205 71
192 11
227 81
119 1
84 91
202 31
250 1
65 31
210 21
158 81
125 21
62 61
268 31
300 5470
139 61
120 11
211 51
132 71
27 41
121 91
235 5635
300 1640
95 920
61 21
250 6377
300 1680
18 31
300 5760
280 11
300 2970
147 31
74 51
300 8920
163 2711
234 1
300 7980
300 1400
88 81
179 71
21 31
175 31
300 1420
150 31
128 1
146 71
300 1690
280 21
114 91
261 71
265 51
142 41
300 2510
48 71
60 1
294 61
300 7010
63 1
162 1
59 355
300 5250
275 51
269 61
190 31
127 1645
224 1
194 81
257 11
193 11
300 5700
292 91
158 11
119 41
170 31
127 71
26 21
217 51
300 4000
204 21
159 81
300 3350
213 61
190 41
85 61
57 1
100 91
300 8230
164 2744
300 7340
125 41
178 91
242 11
68 51
34 11
187 91
183 31
47 1
285 31
185 61
42 180
35 61
286 71
65 1
255 41
54 51
94 11
300 1080
204 61
74 11
300 5740
199 61
93 51
241 61
163 41
109 91
300 5240
280 31
300 3580
244 1
247 71
154 91
195 21
300 5020
300 1360
300 5200
120 1
81 1
300 7580
157 1
73 91
141 91
114 71
87 31
300 4270
300 8160
46 215
184 71
234 61
91 1
300 5610
266 41
300 6250
161 71
300 800
161 51
168 21
74 558
59 51
17 21
153 61
135 61
167 71
300 2470
199 21
122 71
239 11
189 1
300 3780
70 51
42 81
212 81
286 51
101 71
99 1
188 3606
200 31
73 81
241 71
159 1
144 1
186 1
137 11
247 51
300 1330
195 11
69 1
263 91
300 1940
300 7880
300 730
237 1
180 51
300 8020
140 51
86 41
191 3722
300 8100
159 31
300 5490
196 51
300 1820
125 31
113 71
188 31
